# table produced by mapDamage version 2.0.3
# using mapped file /ebc_data/cls83/Johns/JDS3_02/J-77/bam/J-77.truncated.aln.chrM_filtered_sort_umr_dedup_readgroups.bam and /ebc_data/cls83/indexes/chrM.fasta as reference file
# Chr: reference from sam/bam header, End: from which termini of DNA sequences, Std: strand of reads
Chr	End	Std	Pos	A	C	G	T	Total	G>A	C>T	A>G	T>C	A>C	A>T	C>G	C>A	T>G	T>A	G>C	G>T	A>-	T>-	C>-	G>-	->A	->T	->C	->G	S
chrM	3p	+	1	117	74	53	75	319	6	12	13	0	0	12	12	26	7	15	0	4	0	0	0	0	0	0	0	0	0
chrM	3p	+	2	107	99	43	70	319	8	1	4	1	2	0	10	18	14	14	0	0	0	0	0	0	0	0	0	0	0
chrM	3p	+	3	88	113	43	74	318	2	0	7	0	1	4	13	14	15	5	0	1	0	0	0	0	0	1	0	0	0
chrM	3p	+	4	97	104	33	83	317	2	2	0	0	3	1	1	23	2	15	0	0	0	0	0	0	2	0	0	0	0
chrM	3p	+	5	94	113	44	67	318	3	4	4	1	0	0	3	1	1	0	0	0	0	0	0	0	1	0	0	0	0
chrM	3p	+	6	96	99	42	81	318	6	2	1	0	0	0	2	4	1	6	0	0	0	0	0	0	1	0	0	0	0
chrM	3p	+	7	103	86	36	92	317	2	1	1	1	0	0	0	0	2	1	0	0	0	0	2	0	0	0	0	2	0
chrM	3p	+	8	94	108	33	81	316	0	3	0	0	0	0	0	1	1	0	0	0	1	2	0	0	2	1	0	0	0
chrM	3p	+	9	94	98	42	85	319	1	1	0	0	0	0	0	0	0	0	0	0	0	0	1	0	0	0	0	0	0
chrM	3p	+	10	92	101	45	79	317	0	1	0	0	0	0	0	1	0	0	0	0	0	0	1	0	2	0	0	0	0
chrM	3p	+	11	111	81	48	79	319	1	2	0	0	0	0	0	0	0	0	0	0	0	0	0	0	0	0	0	0	0
chrM	3p	+	12	91	98	46	84	319	1	2	0	1	0	0	0	0	0	0	0	0	0	0	0	0	0	0	0	0	0
chrM	3p	+	13	76	111	55	76	318	1	1	0	0	0	0	0	0	0	0	0	0	0	0	0	0	0	0	0	1	0
chrM	3p	+	14	97	101	36	85	319	0	0	0	0	0	0	0	0	0	0	0	0	0	0	0	0	0	0	0	0	0
chrM	3p	+	15	92	98	41	88	319	4	0	0	0	0	0	0	0	0	0	0	0	0	0	0	0	0	0	0	0	0
chrM	3p	+	16	108	92	45	74	319	0	0	1	0	0	0	0	0	0	0	0	0	0	0	0	0	0	0	0	0	0
chrM	3p	+	17	94	113	37	75	319	1	1	0	0	0	0	0	0	1	0	0	0	0	0	0	0	0	0	0	0	0
chrM	3p	+	18	85	101	50	83	319	2	1	1	0	0	0	0	0	0	0	0	0	0	0	0	0	0	0	0	0	0
chrM	3p	+	19	105	96	39	79	319	2	0	0	0	0	0	0	0	0	0	0	0	0	0	0	0	0	0	0	0	0
chrM	3p	+	20	102	99	47	71	319	1	1	1	0	0	0	0	0	0	0	0	0	0	0	0	0	0	0	0	0	0
chrM	3p	+	21	106	90	35	88	319	1	3	0	0	0	0	1	0	0	0	0	0	0	0	0	0	0	0	0	0	0
chrM	3p	+	22	107	103	42	67	319	0	2	0	0	0	0	0	0	0	0	0	0	0	0	0	0	0	0	0	0	0
chrM	3p	+	23	107	88	46	78	319	0	1	0	0	0	0	0	0	0	0	0	0	0	0	0	0	0	0	0	0	0
chrM	3p	+	24	107	96	35	81	319	2	1	0	0	0	0	0	0	0	0	0	0	0	0	0	0	0	0	0	0	0
chrM	3p	+	25	85	104	51	79	319	0	0	1	0	0	0	0	0	0	0	0	0	0	0	0	0	0	0	0	0	0
chrM	3p	+	26	99	89	47	84	319	1	3	0	0	0	0	0	0	0	0	1	0	0	0	0	0	0	0	0	0	0
chrM	3p	+	27	99	101	32	87	319	2	1	0	0	0	0	0	0	0	0	0	0	0	0	0	0	0	0	0	0	0
chrM	3p	+	28	116	85	43	75	319	0	2	1	0	0	0	0	0	0	0	0	0	0	0	0	0	0	0	0	0	0
chrM	3p	+	29	93	96	48	82	319	3	2	0	0	0	0	0	0	0	0	0	0	0	0	0	0	0	0	0	0	0
chrM	3p	+	30	95	89	50	85	319	0	1	0	1	0	0	0	0	0	0	0	0	0	0	0	0	0	0	0	0	0
chrM	3p	+	31	101	95	40	83	319	2	1	0	0	0	0	0	0	0	0	0	0	0	0	0	0	0	0	0	0	0
chrM	3p	+	32	115	100	37	66	318	0	4	0	0	0	0	0	0	0	0	0	0	0	0	0	0	0	0	0	0	0
chrM	3p	+	33	107	87	42	83	319	1	2	0	0	0	0	0	0	0	0	0	0	0	0	1	0	0	0	0	0	0
chrM	3p	+	34	97	94	49	79	319	1	3	0	0	0	0	0	0	0	0	0	0	0	0	0	0	0	0	0	0	0
chrM	3p	+	35	99	99	39	82	319	1	0	1	0	0	0	0	0	1	0	0	0	0	0	0	0	0	0	0	0	0
chrM	3p	+	36	104	109	35	71	319	1	2	1	1	0	0	0	1	0	0	0	0	0	0	0	0	0	0	0	0	0
chrM	3p	+	37	96	91	49	83	319	1	0	1	0	0	0	0	0	0	0	0	0	0	0	0	0	0	0	0	0	0
chrM	3p	+	38	116	79	46	78	319	1	2	1	0	0	0	0	0	0	0	0	0	0	0	0	0	0	0	0	0	0
chrM	3p	+	39	95	92	40	92	319	1	3	0	0	0	0	0	0	0	0	0	0	0	0	0	0	0	0	0	0	0
chrM	3p	+	40	101	98	47	73	319	0	2	1	0	0	0	0	0	0	0	0	0	0	0	0	0	0	0	0	0	0
chrM	3p	+	41	95	90	50	83	318	1	1	0	0	0	0	0	0	0	0	0	0	0	0	0	0	0	0	0	0	0
chrM	3p	+	42	98	103	43	75	319	0	2	1	0	0	0	0	0	0	0	0	0	0	0	1	0	0	0	0	0	0
chrM	3p	+	43	99	98	52	70	319	0	0	0	0	0	0	0	0	0	1	0	0	0	0	0	0	0	0	0	0	0
chrM	3p	+	44	91	97	55	76	319	1	1	0	0	0	0	0	0	0	0	1	0	0	0	0	0	0	0	0	0	0
chrM	3p	+	45	89	100	43	87	319	1	1	0	0	0	0	0	0	0	1	0	1	0	0	0	0	0	0	0	0	0
chrM	3p	+	46	95	104	40	80	319	0	1	1	0	0	0	0	0	0	0	0	0	0	0	0	0	0	0	0	0	0
chrM	3p	+	47	95	106	40	78	319	0	1	0	0	0	0	0	0	0	0	0	0	0	0	0	0	0	0	0	0	0
chrM	3p	+	48	101	103	45	70	319	1	2	0	0	0	0	0	0	0	0	0	0	0	0	0	0	0	0	0	0	0
chrM	3p	+	49	101	87	53	78	319	0	1	0	0	0	0	0	0	0	0	0	0	0	0	0	0	0	0	0	0	0
chrM	3p	+	50	108	99	37	74	318	0	1	0	0	0	1	1	0	0	0	0	0	0	0	0	0	0	0	0	0	0
chrM	3p	+	51	86	99	46	88	319	0	2	0	0	0	0	0	0	0	0	0	0	0	0	1	0	0	0	0	0	0
chrM	3p	+	52	106	89	41	83	319	1	0	1	0	0	0	0	0	0	0	0	0	0	0	0	0	0	0	0	0	0
chrM	3p	+	53	106	84	44	85	319	0	1	0	0	0	0	0	0	0	0	0	0	0	0	0	0	0	0	0	0	0
chrM	3p	+	54	86	100	49	84	319	0	3	0	0	0	0	0	0	0	0	0	0	0	0	0	0	0	0	0	0	0
chrM	3p	+	55	101	96	41	81	319	0	4	0	0	0	0	0	0	0	0	0	0	0	0	0	0	0	0	0	0	0
chrM	3p	+	56	84	111	44	80	319	3	3	0	0	0	0	1	0	0	0	0	0	0	0	0	0	0	0	0	0	0
chrM	3p	+	57	101	100	43	75	319	1	3	0	0	0	0	0	0	0	0	0	0	0	0	0	0	0	0	0	0	0
chrM	3p	+	58	84	97	49	89	319	0	2	0	0	0	0	0	0	0	0	0	0	0	0	0	0	0	0	0	0	0
chrM	3p	+	59	91	97	43	88	319	1	2	0	0	0	0	0	0	0	2	0	0	0	0	0	0	0	0	0	0	0
chrM	3p	+	60	105	107	32	75	319	0	2	0	0	0	0	0	0	0	0	1	0	0	0	0	0	0	0	0	0	0
chrM	3p	+	61	94	96	43	86	319	0	2	0	0	0	0	0	0	0	0	0	0	0	0	0	0	0	0	0	0	0
chrM	3p	+	62	101	94	38	86	319	0	0	0	0	0	0	0	0	0	0	0	0	0	0	0	0	0	0	0	0	0
chrM	3p	+	63	103	98	38	80	319	0	1	0	0	0	0	0	0	0	0	0	0	0	0	0	0	0	0	0	0	0
chrM	3p	+	64	88	98	52	81	319	0	4	0	0	0	0	0	0	0	0	0	0	0	0	0	0	0	0	0	0	0
chrM	3p	+	65	108	92	38	81	319	0	0	0	0	0	0	0	0	0	0	0	0	0	0	0	0	0	0	0	0	0
chrM	3p	+	66	100	105	41	73	319	0	1	1	0	0	0	0	0	0	0	0	0	0	0	0	0	0	0	0	0	0
chrM	3p	+	67	86	91	46	96	319	0	2	0	0	0	0	0	0	0	0	0	0	0	0	0	0	0	0	0	0	0
chrM	3p	+	68	104	105	41	69	319	0	5	0	0	0	0	0	0	0	0	0	0	0	0	0	0	0	0	0	0	0
chrM	3p	+	69	93	102	48	76	319	0	5	0	0	0	0	0	0	0	0	0	0	0	0	0	0	0	0	0	0	0
chrM	3p	+	70	110	84	52	73	319	1	5	0	0	0	0	0	0	1	0	0	0	0	0	0	0	0	0	0	0	0
chrM	3p	-	1	62	24	120	92	298	26	6	3	0	0	3	5	6	7	16	0	13	0	0	0	0	0	0	0	0	0
chrM	3p	-	2	69	34	109	85	297	20	0	3	3	1	0	3	4	11	15	0	0	0	0	0	0	0	0	1	0	0
chrM	3p	-	3	61	50	103	82	296	11	0	8	1	2	0	5	6	8	9	2	1	0	0	0	0	0	1	0	1	0
chrM	3p	-	4	73	42	92	88	295	24	1	0	0	1	0	0	8	1	14	4	3	0	0	0	0	2	0	1	0	0
chrM	3p	-	5	79	26	101	88	294	5	0	2	0	0	0	0	2	1	3	1	0	0	0	0	1	3	0	0	1	0
chrM	3p	-	6	79	42	89	84	294	7	0	3	0	1	0	2	0	0	4	0	1	0	1	0	0	2	0	0	2	0
chrM	3p	-	7	67	40	101	88	296	7	1	0	0	0	0	0	3	0	5	0	0	0	1	2	0	1	0	0	1	0
chrM	3p	-	8	66	31	113	86	296	7	0	0	0	0	0	0	1	0	3	0	0	0	1	1	0	0	1	0	1	0
chrM	3p	-	9	82	31	92	92	297	4	1	1	0	0	0	0	0	0	1	0	0	0	0	0	1	1	0	0	0	0
chrM	3p	-	10	76	38	91	93	298	1	1	0	0	0	0	0	0	1	1	0	0	0	0	0	0	0	0	0	0	0
chrM	3p	-	11	91	25	88	94	298	6	0	0	0	0	0	0	0	0	0	0	0	0	0	0	0	0	0	0	0	0
chrM	3p	-	12	71	34	102	91	298	5	1	0	0	0	0	0	0	1	0	0	0	0	0	0	0	0	0	0	0	0
chrM	3p	-	13	82	26	92	98	298	2	0	0	0	0	0	0	0	0	2	0	0	0	0	0	0	0	0	0	0	0
chrM	3p	-	14	78	26	93	101	298	2	0	0	0	0	0	0	0	0	0	0	0	0	0	0	0	0	0	0	0	0
chrM	3p	-	15	77	42	87	92	298	3	1	0	0	0	0	0	1	0	0	0	0	0	0	0	0	0	0	0	0	0
chrM	3p	-	16	75	40	91	92	298	1	2	0	0	0	0	0	0	0	0	0	0	0	0	0	0	0	0	0	0	0
chrM	3p	-	17	73	33	99	93	298	2	1	1	0	0	0	0	0	0	0	0	0	0	0	0	0	0	0	0	0	0
chrM	3p	-	18	75	41	90	92	298	4	3	0	0	0	0	0	0	0	0	0	0	0	0	0	0	0	0	0	0	0
chrM	3p	-	19	91	32	78	97	298	0	0	0	0	0	0	0	0	0	0	0	0	0	0	0	0	0	0	0	0	0
chrM	3p	-	20	76	38	84	100	298	3	0	0	0	0	0	0	0	0	0	0	0	0	0	0	0	0	0	0	0	0
chrM	3p	-	21	70	46	86	96	298	1	0	0	0	0	0	0	0	0	0	0	0	0	0	0	1	0	0	0	0	0
chrM	3p	-	22	78	44	92	84	298	4	1	0	0	0	0	0	0	0	0	0	0	0	0	0	0	0	0	0	0	0
chrM	3p	-	23	74	33	86	105	298	1	0	0	0	0	0	0	0	0	0	0	0	0	0	0	0	0	0	0	0	0
chrM	3p	-	24	68	45	93	92	298	1	1	0	0	0	1	0	0	0	0	0	0	0	0	0	0	0	0	0	0	0
chrM	3p	-	25	75	44	89	90	298	0	0	0	0	0	0	0	1	0	0	0	2	0	0	0	0	0	0	0	0	0
chrM	3p	-	26	68	42	95	93	298	1	0	0	0	0	0	0	0	0	0	0	0	0	0	0	0	0	0	0	0	0
chrM	3p	-	27	83	42	102	71	298	2	0	0	1	0	0	0	0	0	0	0	0	0	0	0	0	0	0	0	0	0
chrM	3p	-	28	67	34	95	102	298	2	1	0	0	0	0	0	0	0	0	0	0	0	0	0	0	0	0	0	0	0
chrM	3p	-	29	60	41	99	98	298	1	1	0	0	0	0	0	0	0	0	0	0	0	0	0	0	0	0	0	0	0
chrM	3p	-	30	82	36	86	94	298	2	2	0	1	0	0	0	0	0	0	0	0	0	0	0	1	0	0	0	0	0
chrM	3p	-	31	66	38	97	96	297	1	1	0	0	0	0	0	0	0	0	0	0	0	0	0	0	0	0	0	0	0
chrM	3p	-	32	64	44	96	94	298	0	0	0	0	0	0	0	0	0	0	0	0	0	0	0	0	0	0	0	0	0
chrM	3p	-	33	62	47	85	104	298	2	3	0	0	0	0	0	0	0	0	0	0	0	0	0	0	0	0	0	0	0
chrM	3p	-	34	86	38	85	89	298	1	1	0	1	0	0	0	0	0	0	0	0	0	0	0	0	0	0	0	0	0
chrM	3p	-	35	86	30	87	95	298	1	1	0	1	0	0	0	0	0	0	0	0	0	0	0	0	0	0	0	0	0
chrM	3p	-	36	65	39	89	105	298	5	0	0	1	0	0	0	0	0	0	0	0	0	0	0	0	0	0	0	0	0
chrM	3p	-	37	72	40	91	95	298	2	0	0	0	0	0	0	0	0	0	0	0	0	0	0	0	0	0	0	0	0
chrM	3p	-	38	76	40	100	82	298	1	0	0	0	0	0	0	0	0	0	0	1	0	0	0	0	0	0	0	0	0
chrM	3p	-	39	69	40	95	94	298	2	1	0	0	0	0	0	0	0	0	0	0	0	0	0	0	0	0	0	0	0
chrM	3p	-	40	84	39	102	73	298	3	0	1	0	0	0	0	2	0	0	0	1	0	0	0	0	0	0	0	0	0
chrM	3p	-	41	76	38	85	99	298	0	2	0	0	0	0	0	0	0	0	0	0	0	0	0	0	0	0	0	0	0
chrM	3p	-	42	82	36	90	90	298	2	0	0	0	0	0	0	0	0	0	1	0	0	0	0	0	0	0	0	0	0
chrM	3p	-	43	84	37	86	91	298	0	1	0	0	0	0	0	0	0	0	0	1	0	0	0	0	0	0	0	0	0
chrM	3p	-	44	78	27	99	94	298	3	1	0	0	0	0	0	0	0	0	0	1	0	0	0	0	0	0	0	0	0
chrM	3p	-	45	68	46	103	81	298	0	1	0	0	0	0	0	1	0	0	0	0	0	0	0	0	0	0	0	0	0
chrM	3p	-	46	77	32	94	94	297	2	0	0	0	0	0	0	1	0	0	0	0	0	0	0	0	1	0	0	0	0
chrM	3p	-	47	75	40	93	90	298	2	0	0	1	0	0	0	0	0	0	0	0	0	0	0	0	0	0	0	0	0
chrM	3p	-	48	84	37	71	106	298	0	0	0	0	0	0	0	0	0	0	0	0	0	0	0	0	0	0	0	0	0
chrM	3p	-	49	88	39	80	91	298	1	0	0	0	0	0	0	0	0	0	0	0	0	0	0	0	0	0	0	0	0
chrM	3p	-	50	87	31	96	84	298	1	2	0	0	0	0	0	0	0	0	0	0	0	0	0	0	0	0	0	0	0
chrM	3p	-	51	71	35	97	95	298	1	1	0	1	0	0	0	0	0	0	0	0	0	0	0	0	0	0	0	0	0
chrM	3p	-	52	70	36	103	89	298	0	0	0	0	0	0	0	0	0	0	0	0	0	0	0	0	0	0	0	0	0
chrM	3p	-	53	61	32	91	114	298	2	1	0	0	0	0	0	0	0	0	0	0	0	0	0	0	0	0	0	0	0
chrM	3p	-	54	65	47	100	86	298	2	1	0	0	0	0	0	0	0	0	0	0	0	0	0	0	0	0	0	0	0
chrM	3p	-	55	68	31	110	89	298	2	0	0	0	0	0	0	0	0	0	0	0	0	0	0	0	0	0	0	0	0
chrM	3p	-	56	72	40	88	98	298	0	0	0	0	0	0	0	0	0	0	0	0	0	0	0	0	0	0	0	0	0
chrM	3p	-	57	71	50	87	90	298	0	2	0	1	0	0	0	0	0	0	0	0	0	0	0	0	0	0	0	0	0
chrM	3p	-	58	62	45	103	88	298	1	2	0	0	0	0	0	0	0	0	0	0	0	0	0	0	0	0	0	0	0
chrM	3p	-	59	74	40	90	94	298	1	2	0	0	0	0	0	0	0	0	0	0	0	0	0	0	0	0	0	0	0
chrM	3p	-	60	66	54	90	88	298	0	1	0	1	0	0	0	0	0	0	0	0	0	0	0	0	0	0	0	0	0
chrM	3p	-	61	77	42	90	89	298	1	5	0	0	0	0	0	0	0	0	0	0	0	0	0	0	0	0	0	0	0
chrM	3p	-	62	84	43	80	91	298	0	1	0	0	0	0	0	0	0	0	0	0	0	0	0	0	0	0	0	0	0
chrM	3p	-	63	61	42	102	93	298	0	1	0	0	0	0	0	0	0	0	0	0	0	0	0	0	0	0	0	0	0
chrM	3p	-	64	70	46	87	95	298	2	2	0	0	0	0	0	0	0	0	0	0	0	0	0	0	0	0	0	0	0
chrM	3p	-	65	70	37	109	82	298	1	1	0	1	0	0	0	0	0	0	0	0	0	0	0	0	0	0	0	0	0
chrM	3p	-	66	74	52	92	80	298	0	2	0	1	0	0	0	0	0	0	0	0	0	0	0	0	0	0	0	0	0
chrM	3p	-	67	70	44	93	91	298	0	3	0	0	0	0	0	0	0	1	0	0	0	0	0	0	0	0	0	0	0
chrM	3p	-	68	56	40	102	100	298	0	1	0	0	0	0	0	0	0	0	0	0	0	0	0	0	0	0	0	0	0
chrM	3p	-	69	80	28	85	105	298	0	0	0	0	0	0	0	0	0	0	0	0	0	0	0	0	0	0	0	0	0
chrM	3p	-	70	81	40	87	90	298	0	3	0	1	0	0	0	0	0	0	0	0	0	0	0	0	0	0	0	0	0
chrM	5p	+	1	72	121	43	83	319	0	24	1	0	0	0	1	0	0	0	0	0	0	0	0	0	0	0	0	0	0
chrM	5p	+	2	102	91	45	81	319	0	12	1	0	0	0	0	0	0	0	0	0	0	0	0	0	0	0	0	0	0
chrM	5p	+	3	93	114	45	67	319	0	9	0	0	0	0	0	0	0	0	0	0	0	0	0	0	0	0	0	0	0
chrM	5p	+	4	80	112	50	77	319	0	8	1	0	0	0	0	0	0	0	1	0	0	0	0	0	0	0	0	0	0
chrM	5p	+	5	111	101	34	73	319	0	3	0	0	0	0	0	0	0	0	0	0	0	0	0	0	0	0	0	0	0
chrM	5p	+	6	113	91	50	65	319	0	3	0	0	0	0	0	1	0	0	0	0	0	0	0	0	0	0	0	0	0
chrM	5p	+	7	98	91	46	84	319	1	5	0	0	0	0	0	0	1	0	0	0	0	0	0	0	0	0	0	0	0
chrM	5p	+	8	95	106	41	77	319	0	3	0	0	0	0	0	0	0	0	0	0	0	0	0	0	0	0	0	0	0
chrM	5p	+	9	106	100	45	68	319	0	5	0	0	0	0	0	0	0	0	0	0	0	0	0	0	0	0	0	0	0
chrM	5p	+	10	88	82	50	99	319	0	2	1	0	0	0	0	0	0	0	0	0	0	0	0	0	0	0	0	0	0
chrM	5p	+	11	99	114	34	72	319	0	0	0	0	0	0	0	0	0	0	0	0	0	0	0	0	0	0	0	0	0
chrM	5p	+	12	114	94	43	68	319	0	2	0	0	0	0	0	0	0	0	0	0	0	0	0	0	0	0	0	0	0
chrM	5p	+	13	85	95	56	83	319	0	3	0	0	0	0	0	0	0	0	0	0	0	0	0	0	0	0	0	0	0
chrM	5p	+	14	102	101	29	87	319	0	0	0	0	0	0	0	0	0	0	0	0	0	0	0	0	0	0	0	0	0
chrM	5p	+	15	99	103	34	83	319	0	0	0	0	0	0	0	0	0	0	0	0	0	0	0	0	0	0	0	0	0
chrM	5p	+	16	92	88	49	90	319	0	3	0	0	0	0	0	0	0	0	0	0	0	0	0	0	0	0	0	0	0
chrM	5p	+	17	112	106	35	66	319	0	1	0	0	0	0	0	0	0	0	1	0	0	0	0	0	0	0	0	0	0
chrM	5p	+	18	84	101	41	93	319	1	3	0	0	0	0	0	0	0	2	0	0	0	0	0	0	0	0	0	0	0
chrM	5p	+	19	93	91	45	90	319	0	2	0	0	0	0	0	0	0	0	0	0	0	0	0	0	0	0	0	0	0
chrM	5p	+	20	99	108	41	71	319	2	2	0	0	0	0	0	0	0	0	0	0	0	0	0	0	0	0	0	0	0
chrM	5p	+	21	78	108	50	83	319	2	4	0	0	0	0	1	0	0	0	0	0	0	0	0	0	0	0	0	0	0
chrM	5p	+	22	98	84	47	90	319	0	3	0	0	0	0	0	0	0	0	0	0	0	0	0	0	0	0	0	0	0
chrM	5p	+	23	94	101	48	76	319	0	4	0	0	0	0	0	0	0	0	0	0	0	0	0	0	0	0	0	0	0
chrM	5p	+	24	104	92	41	82	319	0	0	0	0	0	0	0	0	0	0	0	0	0	0	0	0	0	0	0	0	0
chrM	5p	+	25	104	80	46	89	319	1	0	1	0	0	0	0	0	0	0	0	0	0	0	0	0	0	0	0	0	0
chrM	5p	+	26	96	102	38	83	319	0	2	0	0	0	0	1	0	0	0	0	0	0	0	0	0	0	0	0	0	0
chrM	5p	+	27	99	104	43	73	319	1	1	0	0	0	1	0	0	0	0	0	0	0	0	1	0	0	0	0	0	0
chrM	5p	+	28	92	90	57	79	318	0	1	0	0	0	0	0	0	0	0	0	0	0	0	0	0	0	0	0	0	0
chrM	5p	+	29	101	107	40	71	319	0	2	0	0	0	0	0	0	0	0	0	0	0	0	0	0	0	0	0	0	0
chrM	5p	+	30	95	107	37	80	319	0	1	0	0	0	0	0	0	0	0	1	0	0	0	0	0	0	0	0	0	0
chrM	5p	+	31	98	100	38	83	319	0	2	1	0	0	0	0	0	0	1	0	0	0	0	0	0	0	0	0	0	0
chrM	5p	+	32	97	89	50	83	319	1	0	0	0	0	0	0	0	0	0	0	1	0	0	0	0	0	0	0	0	0
chrM	5p	+	33	87	104	56	72	319	1	1	0	0	0	0	0	0	0	0	0	0	0	0	0	0	0	0	0	0	0
chrM	5p	+	34	100	103	51	65	319	0	0	0	0	0	0	0	0	0	1	0	0	0	0	0	0	0	0	0	0	0
chrM	5p	+	35	95	99	42	83	319	0	2	1	0	0	0	0	0	0	0	0	0	0	0	0	0	0	0	0	0	0
chrM	5p	+	36	97	98	48	76	319	1	2	0	0	0	0	0	0	0	0	0	0	0	0	1	0	0	0	0	0	0
chrM	5p	+	37	100	87	47	84	318	0	2	1	0	0	0	0	0	0	0	0	0	0	0	0	0	0	0	0	0	0
chrM	5p	+	38	105	92	35	87	319	1	2	0	0	0	0	0	0	0	0	0	0	0	0	0	0	0	0	0	0	0
chrM	5p	+	39	112	72	48	87	319	1	2	2	0	0	0	0	0	0	0	0	0	0	0	0	0	0	0	0	0	0
chrM	5p	+	40	95	98	46	80	319	2	1	0	0	0	0	0	0	0	0	0	0	0	0	0	0	0	0	0	0	0
chrM	5p	+	41	99	109	38	73	319	0	1	1	1	0	0	0	1	0	0	0	0	0	0	0	0	0	0	0	0	0
chrM	5p	+	42	99	97	44	79	319	2	2	1	0	0	0	0	0	1	0	0	0	0	0	0	0	0	0	0	0	0
chrM	5p	+	43	106	91	46	76	319	0	3	0	0	0	0	0	0	0	0	0	0	0	0	0	0	0	0	0	0	0
chrM	5p	+	44	103	102	34	80	319	1	2	0	0	0	0	0	0	0	0	0	0	0	0	0	0	0	0	0	0	0
chrM	5p	+	45	104	95	41	79	319	0	3	0	0	0	0	0	0	0	0	0	0	0	0	1	0	0	0	0	0	0
chrM	5p	+	46	107	86	49	76	318	2	0	0	0	0	0	0	0	0	0	0	0	0	0	0	0	0	0	0	0	0
chrM	5p	+	47	105	93	42	79	319	1	3	0	1	0	0	0	0	0	0	0	0	0	0	0	0	0	0	0	0	0
chrM	5p	+	48	93	92	49	85	319	2	1	0	0	0	0	0	0	0	0	0	0	0	0	0	0	0	0	0	0	0
chrM	5p	+	49	107	92	42	78	319	0	3	1	0	0	0	0	0	0	0	0	0	0	0	0	0	0	0	0	0	0
chrM	5p	+	50	101	99	36	83	319	2	0	0	0	0	0	0	0	0	0	0	0	0	0	0	0	0	0	0	0	0
chrM	5p	+	51	97	97	48	77	319	1	2	0	0	0	0	0	0	0	0	1	0	0	0	0	0	0	0	0	0	0
chrM	5p	+	52	88	96	49	86	319	1	1	1	0	0	0	0	0	0	0	0	0	0	0	0	0	0	0	0	0	0
chrM	5p	+	53	109	88	39	83	319	1	1	0	0	0	0	0	0	0	0	0	0	0	0	0	0	0	0	0	0	0
chrM	5p	+	54	101	94	45	79	319	0	0	0	0	0	0	1	0	0	0	0	0	0	0	0	0	0	0	0	0	0
chrM	5p	+	55	113	100	40	66	319	0	3	0	0	0	0	0	0	0	0	0	0	0	0	0	0	0	0	0	0	0
chrM	5p	+	56	97	110	33	79	319	1	3	0	0	0	0	0	0	0	0	0	0	0	0	0	0	0	0	0	0	0
chrM	5p	+	57	100	91	49	79	319	1	0	1	0	0	0	0	0	0	0	0	0	0	0	0	0	0	0	0	0	0
chrM	5p	+	58	109	86	42	82	319	2	0	0	0	0	0	0	0	0	0	0	0	0	0	0	0	0	0	0	0	0
chrM	5p	+	59	83	115	45	76	319	3	2	1	0	0	0	0	0	1	0	0	0	0	0	0	0	0	0	0	0	0
chrM	5p	+	60	99	105	37	78	319	0	0	0	0	0	0	0	0	0	0	0	0	0	0	0	0	0	0	0	0	0
chrM	5p	+	61	102	89	48	80	319	2	0	1	0	0	0	0	0	0	0	0	0	0	0	0	0	0	0	0	0	0
chrM	5p	+	62	93	104	39	83	319	2	0	0	0	0	0	0	0	0	0	0	0	0	0	0	0	0	0	0	0	0
chrM	5p	+	63	97	99	41	82	319	1	1	0	0	0	0	0	0	0	0	0	0	0	0	0	0	0	0	0	0	0
chrM	5p	+	64	73	112	52	81	318	1	0	0	0	0	0	0	0	0	0	0	0	0	0	0	0	0	0	0	1	0
chrM	5p	+	65	103	90	41	85	319	0	2	0	1	0	0	0	0	0	0	0	0	0	0	0	0	0	0	0	0	0
chrM	5p	+	66	105	83	55	76	319	1	3	0	0	0	0	0	0	0	0	0	0	0	0	0	0	0	0	0	0	0
chrM	5p	+	67	93	100	38	86	317	0	0	0	0	0	0	0	1	0	0	0	0	0	0	0	0	2	0	0	0	0
chrM	5p	+	68	97	104	39	79	319	1	1	0	0	0	0	0	0	0	0	0	0	0	0	1	0	0	0	0	0	0
chrM	5p	+	69	96	104	37	79	316	0	4	0	0	0	0	0	1	1	0	0	0	0	0	0	0	2	1	0	0	0
chrM	5p	+	70	92	86	42	97	317	4	0	1	1	0	0	0	0	2	2	0	0	0	2	1	0	0	0	0	2	0
chrM	5p	-	1	50	34	118	96	298	0	9	0	1	0	0	0	0	0	0	1	0	0	0	0	0	0	0	0	0	0
chrM	5p	-	2	51	39	102	106	298	0	4	0	0	0	0	0	0	0	0	0	0	0	0	0	0	0	0	0	0	0
chrM	5p	-	3	79	35	91	93	298	0	3	0	0	0	0	0	0	0	0	0	0	0	0	0	0	0	0	0	0	0
chrM	5p	-	4	68	37	98	95	298	0	1	0	0	0	0	0	0	0	0	0	0	0	0	0	0	0	0	0	0	0
chrM	5p	-	5	79	46	86	87	298	0	4	0	0	0	0	0	0	0	0	0	0	0	0	0	0	0	0	0	0	0
chrM	5p	-	6	80	35	89	94	298	0	0	0	0	0	0	0	0	0	0	1	0	0	0	0	0	0	0	0	0	0
chrM	5p	-	7	81	40	81	96	298	0	3	0	1	0	0	0	0	0	0	0	0	0	0	0	0	0	0	0	0	0
chrM	5p	-	8	77	29	96	96	298	0	0	0	0	0	0	0	0	0	0	0	0	0	0	0	0	0	0	0	0	0
chrM	5p	-	9	56	43	101	98	298	0	1	0	0	0	0	0	0	0	1	0	0	0	0	0	0	0	0	0	0	0
chrM	5p	-	10	70	52	88	88	298	0	3	0	1	0	0	0	0	0	0	0	0	0	0	0	0	0	0	0	0	0
chrM	5p	-	11	74	44	99	81	298	0	2	0	0	0	0	0	0	0	0	0	0	0	0	0	0	0	0	0	0	0
chrM	5p	-	12	65	37	107	89	298	1	1	0	1	0	0	0	0	0	0	0	0	0	0	0	0	0	0	0	0	0
chrM	5p	-	13	67	45	93	93	298	2	2	0	0	0	0	0	0	0	0	0	0	0	0	0	0	0	0	0	0	0
chrM	5p	-	14	72	43	92	91	298	0	1	0	0	0	0	0	0	0	0	0	0	0	0	0	0	0	0	0	0	0
chrM	5p	-	15	79	47	87	85	298	1	1	0	0	0	0	0	0	0	0	0	0	0	0	0	0	0	0	0	0	0
chrM	5p	-	16	76	41	91	90	298	0	4	0	0	0	0	0	0	0	0	0	0	0	0	0	0	0	0	0	0	0
chrM	5p	-	17	71	52	87	88	298	1	2	0	1	0	0	0	0	0	0	0	0	0	0	0	0	0	0	0	0	0
chrM	5p	-	18	70	41	90	97	298	0	2	0	0	0	0	0	0	0	0	0	0	0	0	0	0	0	0	0	0	0
chrM	5p	-	19	61	44	103	90	298	1	1	0	0	0	0	0	0	0	0	0	0	0	0	0	0	0	0	0	0	0
chrM	5p	-	20	65	46	89	98	298	0	3	0	1	0	0	0	0	0	0	0	0	0	0	0	0	0	0	0	0	0
chrM	5p	-	21	76	39	88	95	298	0	0	0	0	0	0	0	0	0	0	0	0	0	0	0	0	0	0	0	0	0
chrM	5p	-	22	64	43	107	84	298	2	0	0	0	0	0	0	0	0	0	0	0	0	0	0	0	0	0	0	0	0
chrM	5p	-	23	70	36	99	93	298	2	1	0	0	0	0	0	0	0	0	0	0	0	0	0	0	0	0	0	0	0
chrM	5p	-	24	65	29	95	109	298	2	1	0	0	0	0	0	0	0	0	0	0	0	0	0	0	0	0	0	0	0
chrM	5p	-	25	71	38	105	84	298	0	1	0	1	0	0	0	0	0	0	0	0	0	0	0	0	0	0	0	0	0
chrM	5p	-	26	73	38	92	95	298	1	1	0	0	0	0	0	0	0	0	0	0	0	0	0	0	0	0	0	0	0
chrM	5p	-	27	83	32	99	84	298	1	1	0	0	0	0	0	0	0	0	0	0	0	0	0	0	0	0	0	0	0
chrM	5p	-	28	87	34	83	94	298	1	0	0	0	0	0	0	0	0	0	0	0	0	0	0	0	0	0	0	0	0
chrM	5p	-	29	81	37	75	104	297	0	0	0	0	0	0	0	0	0	0	0	0	0	0	0	0	1	0	0	0	0
chrM	5p	-	30	78	44	90	86	298	2	0	0	1	0	0	0	1	0	0	0	0	0	0	0	0	0	0	0	0	0
chrM	5p	-	31	72	35	98	93	298	2	0	0	0	0	0	0	0	0	0	0	0	0	0	0	0	0	0	0	0	0
chrM	5p	-	32	72	43	95	88	298	1	1	0	0	0	0	0	1	0	0	0	1	0	0	0	0	0	0	0	0	0
chrM	5p	-	33	78	32	93	95	298	2	1	0	0	0	0	0	1	0	0	0	0	0	0	0	0	0	0	0	0	0
chrM	5p	-	34	83	39	80	96	298	0	1	0	0	0	0	0	0	0	0	0	1	0	0	0	0	0	0	0	0	0
chrM	5p	-	35	81	34	95	88	298	2	0	0	0	0	0	0	0	0	0	1	0	0	0	0	0	0	0	0	0	0
chrM	5p	-	36	76	41	95	86	298	0	2	0	0	0	0	0	1	0	0	0	0	0	0	0	0	0	0	0	0	0
chrM	5p	-	37	83	36	98	81	298	4	0	1	0	0	0	0	0	0	0	0	1	0	0	0	0	0	0	0	0	0
chrM	5p	-	38	72	38	98	90	298	3	1	0	0	0	0	0	0	0	0	0	1	0	0	0	0	0	0	0	0	0
chrM	5p	-	39	76	39	99	84	298	1	0	0	0	0	0	0	0	0	0	0	0	0	0	0	0	0	0	0	0	0
chrM	5p	-	40	68	45	85	100	298	2	0	0	0	0	0	0	0	0	0	0	0	0	0	0	0	0	0	0	0	0
chrM	5p	-	41	73	37	86	102	298	4	1	0	2	0	0	0	0	0	0	0	0	0	0	0	0	0	0	0	0	0
chrM	5p	-	42	91	27	91	89	298	1	0	0	0	0	0	0	0	0	0	0	0	0	0	0	0	0	0	0	0	0
chrM	5p	-	43	76	37	87	98	298	1	1	0	1	0	0	0	0	0	0	0	0	0	0	0	0	0	0	0	0	0
chrM	5p	-	44	63	47	86	102	298	1	3	0	0	0	0	0	0	0	0	0	0	0	0	0	0	0	0	0	0	0
chrM	5p	-	45	61	42	93	102	298	0	0	0	0	0	0	0	0	0	0	0	0	0	0	0	0	0	0	0	0	0
chrM	5p	-	46	76	36	92	94	298	1	1	0	0	0	0	0	0	0	0	0	0	0	0	0	0	0	0	0	0	0
chrM	5p	-	47	77	41	89	90	297	3	2	0	1	0	0	0	0	0	0	0	0	0	0	0	0	0	0	0	0	0
chrM	5p	-	48	59	40	102	97	298	0	1	0	0	0	0	0	0	0	0	0	0	0	0	0	1	0	0	0	0	0
chrM	5p	-	49	66	31	96	105	298	2	1	0	0	0	0	0	0	0	0	0	0	0	0	0	0	0	0	0	0	0
chrM	5p	-	50	81	41	111	65	298	2	0	0	1	0	0	0	0	0	0	0	0	0	0	0	0	0	0	0	0	0
chrM	5p	-	51	78	46	88	86	298	1	0	0	0	0	0	0	0	0	0	0	0	0	0	0	0	0	0	0	0	0
chrM	5p	-	52	69	44	85	100	298	0	1	0	0	0	0	0	1	0	0	0	2	0	0	0	0	0	0	0	0	0
chrM	5p	-	53	64	46	99	89	298	1	0	0	0	0	1	0	0	0	0	0	0	0	0	0	0	0	0	0	0	0
chrM	5p	-	54	82	36	71	109	298	3	0	0	0	0	0	0	0	0	0	0	0	0	0	0	0	0	0	0	0	0
chrM	5p	-	55	69	44	99	86	298	2	1	0	0	0	0	0	0	0	0	0	0	0	0	0	0	0	0	0	0	0
chrM	5p	-	56	73	39	86	100	298	2	0	0	0	0	0	0	0	0	0	0	0	0	0	0	0	0	0	0	0	0
chrM	5p	-	57	79	38	89	92	298	2	0	0	0	0	0	0	0	0	0	0	0	0	0	0	1	0	0	0	0	0
chrM	5p	-	58	94	35	77	92	298	0	0	0	0	0	0	0	0	0	0	0	0	0	0	0	0	0	0	0	0	0
chrM	5p	-	59	71	39	90	98	298	5	4	0	0	0	0	0	0	0	0	0	0	0	0	0	0	0	0	0	0	0
chrM	5p	-	60	75	38	94	91	298	1	1	1	0	0	0	0	0	0	0	0	0	0	0	0	0	0	0	0	0	0
chrM	5p	-	61	80	37	91	90	298	1	1	0	0	0	0	0	0	0	0	0	0	0	0	0	0	0	0	0	0	0
chrM	5p	-	62	72	37	95	94	298	3	1	0	0	0	0	0	1	0	0	0	0	0	0	0	0	0	0	0	0	0
chrM	5p	-	63	80	27	95	96	298	4	0	0	0	0	0	0	0	0	0	0	0	0	0	0	0	0	0	0	0	0
chrM	5p	-	64	81	28	88	101	298	0	0	0	0	0	0	0	0	0	2	0	0	0	0	0	0	0	0	0	0	0
chrM	5p	-	65	75	34	95	94	298	6	2	0	0	0	0	0	0	1	0	0	0	0	0	0	0	0	0	0	0	0
chrM	5p	-	66	85	29	91	93	298	5	0	0	0	0	0	0	0	0	0	0	0	0	0	0	0	0	0	0	0	0
chrM	5p	-	67	75	34	91	98	298	2	0	0	0	0	0	0	0	1	1	0	0	0	0	0	0	0	0	0	0	0
chrM	5p	-	68	78	27	102	90	297	4	1	1	0	0	0	0	0	0	1	0	0	0	0	0	1	1	0	0	0	0
chrM	5p	-	69	73	33	107	83	296	6	0	0	0	0	0	0	1	0	3	0	0	0	0	0	0	0	1	0	1	0
chrM	5p	-	70	71	39	99	87	296	7	1	0	0	0	0	0	2	0	5	0	0	0	1	0	0	1	0	0	1	0
