# table produced by mapDamage version 2.0.3
# using mapped file /ebc_data/cls83/Johns/JDS3_01/J-49/bam/J-49.truncated.aln.chrM_filtered_sort_umr_dedup_readgroups.bam and /ebc_data/cls83/indexes/chrM.fasta as reference file
# Chr: reference from sam/bam header, End: from which termini of DNA sequences, Std: strand of reads
Chr	End	Std	Pos	A	C	G	T	Total	G>A	C>T	A>G	T>C	A>C	A>T	C>G	C>A	T>G	T>A	G>C	G>T	A>-	T>-	C>-	G>-	->A	->T	->C	->G	S
chrM	3p	+	1	541	259	220	346	1366	18	43	19	0	0	30	59	51	35	26	0	19	0	0	0	0	0	0	0	0	0
chrM	3p	+	2	437	398	198	332	1365	21	6	22	7	3	0	32	84	15	43	3	0	0	0	0	0	0	0	1	0	0
chrM	3p	+	3	434	426	172	333	1365	13	18	32	3	3	7	48	30	28	6	0	3	1	0	0	0	0	1	0	0	0
chrM	3p	+	4	440	401	176	347	1364	17	9	2	3	4	1	4	50	1	20	2	4	0	1	0	0	0	0	2	0	0
chrM	3p	+	5	430	427	180	322	1359	4	9	3	0	0	0	13	3	4	2	1	0	0	0	0	0	2	3	1	1	0
chrM	3p	+	6	469	360	174	350	1353	5	6	1	0	1	2	3	4	3	4	1	0	0	0	1	1	6	4	1	1	0
chrM	3p	+	7	416	385	200	359	1360	4	4	3	0	1	0	3	5	2	3	0	0	0	3	1	0	3	1	0	2	0
chrM	3p	+	8	412	390	206	352	1360	4	6	1	1	0	0	3	0	0	1	0	0	0	0	0	3	5	0	0	1	0
chrM	3p	+	9	452	396	181	336	1365	3	4	4	0	0	0	0	5	0	2	0	0	1	1	2	2	1	0	0	0	0
chrM	3p	+	10	413	440	185	327	1365	4	2	1	0	0	0	0	1	0	0	0	0	3	0	0	0	1	0	0	0	0
chrM	3p	+	11	417	378	211	360	1366	6	6	2	0	0	0	0	0	1	0	0	1	0	0	1	0	0	0	0	0	0
chrM	3p	+	12	474	383	178	331	1366	4	6	0	1	0	1	0	0	1	0	0	0	0	0	0	0	0	0	0	0	0
chrM	3p	+	13	417	423	203	323	1366	4	3	1	0	0	0	0	0	0	1	1	0	0	0	0	0	0	0	0	0	0
chrM	3p	+	14	426	389	203	348	1366	3	4	6	0	0	0	0	1	0	0	0	0	0	0	0	0	0	0	0	0	0
chrM	3p	+	15	445	419	170	332	1366	1	6	0	1	0	0	0	0	0	0	0	0	0	0	1	0	0	0	0	0	0
chrM	3p	+	16	452	365	196	353	1366	5	3	2	1	0	0	0	0	0	0	0	0	0	0	0	0	0	0	0	0	0
chrM	3p	+	17	438	403	186	339	1366	6	5	2	0	0	0	0	0	0	0	1	0	0	0	1	0	0	0	0	0	0
chrM	3p	+	18	440	414	177	335	1366	0	9	1	0	1	0	0	0	0	0	0	0	0	0	1	0	0	0	0	0	0
chrM	3p	+	19	413	426	184	343	1366	0	2	2	1	0	0	0	0	0	0	0	0	0	0	0	0	0	0	0	0	0
chrM	3p	+	20	435	372	214	345	1366	5	6	2	0	0	0	0	0	0	0	0	0	0	0	0	0	0	0	0	0	0
chrM	3p	+	21	446	405	173	342	1366	4	8	2	1	0	0	0	0	0	0	0	1	0	0	0	0	0	0	0	0	0
chrM	3p	+	22	436	408	161	361	1366	3	5	1	0	0	0	0	2	0	0	0	0	0	1	0	0	0	0	0	0	0
chrM	3p	+	23	413	386	208	359	1366	5	10	1	0	0	0	0	0	0	0	0	0	0	0	1	0	0	0	0	0	0
chrM	3p	+	24	448	421	188	309	1366	2	14	1	0	0	0	0	1	0	0	0	0	0	0	0	0	0	0	0	0	0
chrM	3p	+	25	425	394	196	351	1366	2	10	0	0	0	0	0	1	0	1	0	0	0	0	0	0	0	0	0	0	0
chrM	3p	+	26	441	388	202	334	1365	2	15	1	0	0	0	0	1	0	0	0	0	0	0	0	0	0	0	0	0	0
chrM	3p	+	27	453	420	172	321	1366	1	10	1	1	0	0	0	0	0	0	0	0	0	0	2	0	0	0	0	0	0
chrM	3p	+	28	433	426	186	321	1366	5	5	2	0	0	0	0	4	0	0	0	0	0	0	2	0	0	0	0	0	0
chrM	3p	+	29	436	388	195	347	1366	7	4	3	0	0	0	0	1	0	0	0	0	0	0	1	0	0	0	0	0	0
chrM	3p	+	30	434	421	175	336	1366	5	10	1	3	0	0	0	0	0	0	0	0	0	0	0	0	0	0	0	0	0
chrM	3p	+	31	445	384	195	342	1366	4	9	2	0	0	1	0	3	0	0	1	0	0	0	0	0	0	0	0	0	0
chrM	3p	+	32	446	344	213	363	1366	4	10	0	1	0	0	0	0	0	0	0	0	0	0	0	0	0	0	0	0	0
chrM	3p	+	33	460	394	177	335	1366	9	5	1	0	0	0	0	0	0	0	0	0	0	0	0	0	0	0	0	0	0
chrM	3p	+	34	441	392	183	350	1366	2	8	3	0	0	0	0	1	0	0	0	0	1	0	0	0	0	0	0	0	0
chrM	3p	+	35	415	402	227	322	1366	4	8	5	0	0	0	0	0	0	0	0	0	0	0	1	0	0	0	0	0	0
chrM	3p	+	36	453	388	175	350	1366	4	11	0	0	0	0	0	1	0	0	0	0	0	0	0	0	0	0	0	0	0
chrM	3p	+	37	461	401	174	330	1366	1	14	1	0	0	0	0	0	0	0	0	0	0	0	1	0	0	0	0	0	0
chrM	3p	+	38	422	399	204	340	1365	4	5	0	1	0	0	0	0	0	0	0	0	0	0	0	0	0	0	0	0	0
chrM	3p	+	39	452	413	192	309	1366	10	17	2	0	0	0	0	1	0	0	0	0	0	0	1	0	0	0	0	0	0
chrM	3p	+	40	442	407	181	335	1365	4	11	4	2	0	0	0	1	0	0	0	0	0	0	0	0	0	0	0	0	0
chrM	3p	+	41	430	413	159	364	1366	6	13	3	1	0	0	0	0	0	0	0	0	0	0	1	0	0	0	0	0	0
chrM	3p	+	42	461	406	179	320	1366	4	12	3	0	0	0	0	0	0	0	0	0	0	0	0	0	0	0	0	0	0
chrM	3p	+	43	429	403	177	357	1366	6	11	0	1	0	0	0	0	0	0	0	0	0	0	1	0	0	0	0	0	0
chrM	3p	+	44	458	377	181	350	1366	2	16	1	0	0	0	0	0	1	0	0	0	1	0	0	0	0	0	0	0	0
chrM	3p	+	45	437	416	174	339	1366	3	9	1	1	0	0	1	1	0	0	0	0	0	0	1	0	0	0	0	0	0
chrM	3p	+	46	452	387	167	359	1365	5	11	1	0	0	0	0	0	0	0	0	0	0	0	0	0	1	0	0	0	0
chrM	3p	+	47	450	372	176	368	1366	5	4	1	0	0	0	0	0	0	0	0	1	0	0	0	0	0	0	0	0	0
chrM	3p	+	48	415	435	158	358	1366	3	12	3	0	0	0	0	0	0	0	0	0	0	0	0	0	0	0	0	0	0
chrM	3p	+	49	455	404	158	349	1366	3	9	1	3	0	0	0	0	0	0	0	0	0	0	0	0	0	0	0	0	0
chrM	3p	+	50	414	368	204	378	1364	1	6	3	0	0	0	0	0	0	0	0	0	0	0	0	1	0	0	0	0	0
chrM	3p	+	51	447	404	162	353	1366	4	9	1	0	0	0	0	0	0	0	0	0	0	0	2	1	0	0	0	0	0
chrM	3p	+	52	447	404	192	323	1366	5	7	3	0	0	0	0	0	0	0	0	0	0	0	2	0	0	0	0	0	0
chrM	3p	+	53	419	392	189	366	1366	3	4	1	0	0	0	0	1	0	0	0	0	0	0	0	0	0	0	0	0	0
chrM	3p	+	54	412	416	203	334	1365	3	3	1	0	1	0	0	0	0	0	0	0	0	0	0	0	0	0	0	0	0
chrM	3p	+	55	441	398	203	324	1366	2	7	0	2	0	0	0	1	0	0	0	0	0	0	1	0	0	0	0	0	0
chrM	3p	+	56	480	364	181	341	1366	2	6	1	2	0	0	0	1	0	0	0	0	0	0	0	0	0	0	0	0	0
chrM	3p	+	57	419	437	167	343	1366	1	12	0	0	0	1	0	0	0	0	0	0	0	0	0	0	0	0	0	0	0
chrM	3p	+	58	415	411	191	348	1365	1	7	1	0	0	0	0	1	0	0	0	0	0	0	0	0	0	0	0	0	0
chrM	3p	+	59	443	394	191	338	1366	2	2	0	0	0	1	0	0	0	0	0	0	0	0	1	0	0	0	0	0	0
chrM	3p	+	60	446	408	185	327	1366	3	5	1	0	0	0	0	0	0	0	0	0	0	0	0	0	0	0	0	0	0
chrM	3p	+	61	417	413	177	358	1365	0	3	2	1	0	0	0	0	0	0	0	0	0	0	0	0	0	0	0	0	0
chrM	3p	+	62	404	395	212	355	1366	0	2	1	3	0	0	0	0	0	0	0	0	0	0	1	0	0	0	0	0	0
chrM	3p	+	63	437	428	180	321	1366	2	1	1	1	0	0	0	0	0	0	0	0	0	0	0	0	0	0	0	0	0
chrM	3p	+	64	439	396	189	342	1366	0	6	4	0	0	1	0	0	0	0	0	0	0	0	0	0	0	0	0	0	0
chrM	3p	+	65	429	394	195	347	1365	1	2	0	0	0	0	0	0	0	0	0	0	0	0	0	0	0	0	0	0	0
chrM	3p	+	66	414	427	186	339	1366	1	2	3	0	0	0	0	0	0	0	0	0	0	0	1	0	0	0	0	0	0
chrM	3p	+	67	472	362	186	346	1366	1	3	1	1	0	0	0	0	0	0	0	0	0	0	0	0	0	0	0	0	0
chrM	3p	+	68	412	409	176	369	1366	0	4	3	0	0	0	0	0	0	0	0	0	0	0	0	0	0	0	0	0	0
chrM	3p	+	69	430	425	162	349	1366	1	4	0	1	0	0	0	0	0	0	0	0	0	0	0	0	0	0	0	0	0
chrM	3p	+	70	436	401	176	353	1366	2	3	0	0	0	0	0	0	0	0	0	0	0	0	0	0	0	0	0	0	0
chrM	3p	-	1	387	98	483	375	1343	63	15	27	0	0	20	25	26	32	31	0	36	0	0	0	0	0	0	0	0	0
chrM	3p	-	2	327	163	461	392	1343	85	4	15	12	11	0	18	35	34	44	15	1	0	1	0	0	0	0	0	0	0
chrM	3p	-	3	327	186	416	410	1339	30	7	24	9	9	6	14	10	31	13	13	10	0	0	0	0	0	1	1	2	0
chrM	3p	-	4	368	178	371	414	1331	48	6	4	6	4	7	3	15	3	27	8	11	0	0	0	0	6	1	5	0	0
chrM	3p	-	5	324	190	413	402	1329	21	8	5	2	2	3	4	4	10	4	4	8	0	0	1	1	4	3	3	4	0
chrM	3p	-	6	352	179	417	385	1333	17	4	0	2	3	2	8	6	4	5	0	3	0	0	1	0	4	1	3	2	0
chrM	3p	-	7	370	162	414	387	1333	8	3	2	1	0	1	4	3	1	3	0	0	0	1	2	2	3	5	1	1	0
chrM	3p	-	8	330	177	382	446	1335	4	4	1	0	0	0	0	4	0	1	0	0	3	3	0	0	4	1	2	1	0
chrM	3p	-	9	356	201	355	428	1340	6	1	1	0	0	0	1	1	2	4	0	0	0	1	1	0	1	2	0	0	0
chrM	3p	-	10	365	178	368	432	1343	7	1	1	1	0	0	0	4	0	0	0	0	0	0	1	0	0	0	0	0	0
chrM	3p	-	11	350	176	379	438	1343	5	2	2	2	0	0	0	1	0	0	0	0	0	0	0	0	0	0	0	0	0
chrM	3p	-	12	368	172	370	433	1343	11	1	0	0	0	0	0	0	0	1	0	0	0	0	0	1	0	0	0	0	0
chrM	3p	-	13	371	155	424	392	1342	5	3	3	0	0	0	0	0	0	1	0	0	0	0	0	1	0	0	0	0	0
chrM	3p	-	14	309	190	386	457	1342	10	4	3	1	0	0	0	0	0	0	0	2	0	0	0	1	0	0	0	0	0
chrM	3p	-	15	334	182	408	418	1342	9	1	0	1	0	0	0	1	0	0	0	1	0	0	0	2	0	0	0	0	0
chrM	3p	-	16	336	184	406	416	1342	8	2	0	1	0	0	0	1	0	0	0	0	0	0	0	1	0	0	0	0	0
chrM	3p	-	17	313	165	401	464	1343	9	0	2	0	0	0	0	0	0	0	0	0	0	0	0	1	0	0	0	0	0
chrM	3p	-	18	370	193	386	394	1343	11	0	0	2	0	0	0	0	0	0	0	1	0	1	0	1	0	0	0	0	0
chrM	3p	-	19	358	179	386	419	1342	9	1	1	0	0	0	0	1	0	0	0	0	0	0	0	1	0	0	0	0	0
chrM	3p	-	20	330	174	375	464	1343	3	3	0	3	0	0	0	0	0	0	0	0	0	1	0	1	0	0	0	0	0
chrM	3p	-	21	339	191	370	443	1343	8	2	1	0	0	0	0	1	0	0	0	0	0	0	0	1	0	0	0	0	0
chrM	3p	-	22	350	186	363	443	1342	8	6	0	2	0	0	0	0	0	0	1	1	0	0	0	1	0	0	0	0	0
chrM	3p	-	23	304	188	403	448	1343	4	5	0	2	0	0	0	0	0	0	0	0	0	1	0	0	0	0	0	0	0
chrM	3p	-	24	342	201	384	415	1342	7	6	0	1	0	0	0	0	0	0	0	0	0	0	0	1	0	0	0	0	0
chrM	3p	-	25	336	180	428	399	1343	9	6	0	2	0	0	0	0	0	0	0	0	0	0	0	3	0	0	0	0	0
chrM	3p	-	26	308	182	415	438	1343	5	6	1	1	0	0	0	0	0	0	1	0	0	0	0	0	0	0	0	0	0
chrM	3p	-	27	335	158	406	444	1343	7	2	0	1	0	0	0	0	0	0	1	0	0	0	0	0	0	0	0	0	0
chrM	3p	-	28	335	174	404	430	1343	5	3	0	2	0	0	0	0	0	0	0	0	0	0	0	0	0	0	0	0	0
chrM	3p	-	29	305	197	391	450	1343	8	4	0	1	0	0	0	0	0	0	0	2	0	1	0	1	0	0	0	0	0
chrM	3p	-	30	349	210	379	405	1343	7	6	0	2	0	0	0	0	0	0	0	0	1	0	1	1	0	0	0	0	0
chrM	3p	-	31	333	174	408	428	1343	4	3	0	1	0	0	0	1	0	0	0	0	0	0	1	1	0	0	0	0	0
chrM	3p	-	32	325	166	411	441	1343	8	3	0	1	0	0	0	0	0	0	0	0	1	0	2	0	0	0	0	0	0
chrM	3p	-	33	357	170	376	440	1343	8	4	0	2	0	0	0	0	0	0	1	0	0	0	0	0	0	0	0	0	0
chrM	3p	-	34	353	165	390	435	1343	10	6	0	4	0	1	1	0	0	0	0	1	0	0	0	0	0	0	0	0	0
chrM	3p	-	35	313	185	399	446	1343	5	6	0	4	0	0	0	0	0	0	0	0	0	0	0	2	0	0	0	0	0
chrM	3p	-	36	364	216	357	405	1342	3	7	1	3	0	0	0	1	0	0	0	0	0	0	0	0	0	0	0	0	0
chrM	3p	-	37	344	162	419	418	1343	10	6	0	2	0	0	0	0	0	0	0	0	0	0	0	2	0	0	0	0	0
chrM	3p	-	38	314	179	391	459	1343	9	4	0	3	0	0	0	1	0	0	0	0	0	0	0	1	0	0	0	0	0
chrM	3p	-	39	327	189	384	443	1343	3	8	1	2	0	0	0	1	0	0	1	0	0	1	0	1	0	0	0	0	0
chrM	3p	-	40	322	181	404	436	1343	9	4	0	2	0	0	0	0	0	0	0	0	0	0	0	2	0	0	0	0	0
chrM	3p	-	41	327	183	399	433	1342	10	8	3	1	0	0	0	0	0	0	1	0	0	0	0	1	0	0	0	0	0
chrM	3p	-	42	340	212	383	408	1343	10	7	0	1	0	0	0	0	0	0	0	0	1	0	0	0	0	0	0	0	0
chrM	3p	-	43	360	175	403	405	1343	6	13	1	1	0	0	0	0	0	0	0	0	0	0	0	0	0	0	0	0	0
chrM	3p	-	44	335	180	393	435	1343	6	5	1	1	0	0	0	0	0	1	1	0	0	0	0	0	0	0	0	0	0
chrM	3p	-	45	329	214	388	412	1343	8	6	0	3	0	0	0	1	0	1	0	0	0	1	0	0	0	0	0	0	0
chrM	3p	-	46	345	168	415	414	1342	4	1	1	0	0	0	0	0	0	0	0	0	0	0	0	2	0	1	0	0	0
chrM	3p	-	47	326	169	390	458	1343	4	5	1	1	0	0	0	0	0	0	0	0	0	0	0	1	0	0	0	0	0
chrM	3p	-	48	352	189	376	426	1343	4	2	0	0	0	0	0	0	0	0	0	0	0	0	0	1	0	0	0	0	0
chrM	3p	-	49	334	169	402	437	1342	5	5	1	2	0	0	0	0	0	0	0	0	0	0	0	0	0	0	0	0	0
chrM	3p	-	50	302	183	400	458	1343	6	2	1	1	0	0	0	0	0	0	0	0	0	0	0	0	0	0	0	0	0
chrM	3p	-	51	330	184	394	435	1343	4	4	0	1	0	0	0	0	0	0	0	0	1	1	0	1	0	0	0	0	0
chrM	3p	-	52	351	197	369	425	1342	8	4	0	2	0	0	0	0	0	1	0	0	0	0	0	0	0	0	0	0	0
chrM	3p	-	53	324	182	399	438	1343	6	7	0	3	0	0	0	0	0	0	0	0	0	0	0	0	0	0	0	0	0
chrM	3p	-	54	332	213	383	415	1343	2	4	1	2	0	0	0	0	0	0	0	0	0	1	0	0	0	0	0	0	0
chrM	3p	-	55	335	192	406	410	1343	3	2	0	1	0	0	0	0	0	0	0	0	0	0	0	0	0	0	0	0	0
chrM	3p	-	56	322	178	412	431	1343	4	1	0	2	0	0	0	0	0	0	0	0	0	0	0	0	0	0	0	0	0
chrM	3p	-	57	345	212	390	396	1343	6	2	0	2	1	0	0	0	0	0	1	0	0	0	0	0	0	0	0	0	0
chrM	3p	-	58	339	182	392	430	1343	2	3	1	2	0	0	0	0	0	0	0	0	0	0	0	0	0	0	0	0	0
chrM	3p	-	59	324	157	399	463	1343	5	2	0	3	0	0	0	0	0	0	0	1	0	0	0	0	0	0	0	0	0
chrM	3p	-	60	355	187	369	432	1343	2	3	0	6	0	0	0	0	0	0	0	0	0	1	0	0	0	0	0	0	0
chrM	3p	-	61	340	168	399	436	1343	2	2	0	3	0	0	0	0	0	0	0	0	0	0	0	0	0	0	0	0	0
chrM	3p	-	62	310	196	405	432	1343	1	5	1	1	0	0	0	0	0	0	0	0	0	0	0	1	0	0	0	0	0
chrM	3p	-	63	349	195	380	418	1342	0	3	1	0	0	0	0	0	0	0	0	0	0	0	0	1	0	0	0	0	0
chrM	3p	-	64	359	194	377	412	1342	1	1	0	1	0	0	0	0	0	0	0	0	0	0	0	0	0	0	0	0	0
chrM	3p	-	65	320	183	416	424	1343	3	1	1	2	0	0	0	0	0	0	0	0	0	0	0	1	0	0	0	0	0
chrM	3p	-	66	334	185	405	418	1342	1	1	0	1	0	0	0	0	0	0	0	0	0	0	0	1	0	0	0	0	0
chrM	3p	-	67	342	187	400	414	1343	3	2	1	1	0	0	0	0	0	0	1	0	0	0	0	0	0	0	0	0	0
chrM	3p	-	68	307	176	405	455	1343	1	3	0	1	0	0	0	0	0	0	0	0	0	0	0	1	0	0	0	0	0
chrM	3p	-	69	352	191	376	423	1342	0	2	2	0	0	0	0	0	0	0	0	0	0	0	0	0	0	0	0	0	0
chrM	3p	-	70	365	159	398	421	1343	0	3	1	1	0	0	0	0	0	0	0	0	0	0	0	0	0	0	0	0	0
chrM	5p	+	1	401	433	275	257	1366	4	55	0	1	0	1	0	0	1	0	0	1	0	0	0	0	0	0	0	0	0
chrM	5p	+	2	494	347	212	313	1366	5	18	1	2	0	0	0	0	0	0	0	0	0	0	0	0	0	0	0	0	0
chrM	5p	+	3	346	390	148	482	1366	1	8	3	1	0	0	0	0	1	0	0	0	0	0	0	0	0	0	0	0	0
chrM	5p	+	4	459	382	189	336	1366	2	2	1	0	0	0	0	0	0	0	0	0	0	0	0	0	0	0	0	0	0
chrM	5p	+	5	476	365	190	335	1366	1	6	0	1	0	0	0	0	0	0	0	0	0	0	0	0	0	0	0	0	0
chrM	5p	+	6	442	366	187	371	1366	3	5	1	0	0	0	0	0	0	0	0	0	0	0	0	0	0	0	0	0	0
chrM	5p	+	7	451	410	173	332	1366	0	2	0	1	0	0	0	0	0	0	0	0	0	0	0	0	0	0	0	0	0
chrM	5p	+	8	410	428	174	354	1366	1	2	1	0	0	0	0	0	0	0	0	0	0	0	0	0	0	0	0	0	0
chrM	5p	+	9	429	383	179	375	1366	0	4	4	0	0	0	0	0	0	0	0	0	0	0	0	0	0	0	0	0	0
chrM	5p	+	10	444	389	185	348	1366	2	4	0	1	0	0	0	0	0	0	0	0	0	0	0	0	0	0	0	0	0
chrM	5p	+	11	427	422	192	325	1366	1	4	2	0	0	0	0	0	0	0	0	0	0	0	0	0	0	0	0	0	0
chrM	5p	+	12	435	394	191	346	1366	0	3	3	0	0	1	0	0	0	0	0	0	0	0	1	0	0	0	0	0	0
chrM	5p	+	13	430	400	193	342	1365	1	3	1	1	0	0	0	0	0	0	0	0	0	0	0	0	0	0	0	0	0
chrM	5p	+	14	425	431	185	325	1366	1	2	2	2	0	0	0	0	0	0	0	0	0	0	0	0	0	0	0	0	0
chrM	5p	+	15	402	388	202	374	1366	0	3	0	1	0	0	0	0	0	0	0	0	0	0	0	0	0	0	0	0	0
chrM	5p	+	16	423	415	184	344	1366	2	2	2	1	0	0	0	0	0	0	0	0	0	0	1	0	0	0	0	0	0
chrM	5p	+	17	447	397	177	344	1365	2	4	1	0	0	1	0	0	0	0	0	0	0	0	1	0	0	0	0	0	0
chrM	5p	+	18	440	400	188	337	1365	0	7	0	0	0	0	0	1	0	0	0	0	0	0	0	0	0	0	0	0	0
chrM	5p	+	19	421	423	193	329	1366	3	6	1	0	0	0	0	1	0	0	0	0	0	0	0	0	0	0	0	0	0
chrM	5p	+	20	434	411	182	339	1366	1	11	0	1	0	0	0	0	0	0	0	0	0	0	0	0	0	0	0	0	0
chrM	5p	+	21	446	386	187	347	1366	3	4	1	1	0	0	0	0	0	0	0	0	0	0	0	0	0	0	0	0	0
chrM	5p	+	22	458	399	185	324	1366	2	5	0	2	0	1	0	1	0	0	0	0	0	0	0	0	0	0	0	0	0
chrM	5p	+	23	425	406	196	339	1366	1	3	1	0	1	0	0	0	0	0	0	0	0	0	1	0	0	0	0	0	0
chrM	5p	+	24	439	383	193	350	1365	4	7	2	0	0	0	0	1	0	0	0	0	0	0	0	0	0	0	0	0	0
chrM	5p	+	25	421	409	185	351	1366	6	7	2	0	0	0	0	0	0	0	0	0	0	0	0	0	0	0	0	0	0
chrM	5p	+	26	427	415	177	347	1366	3	9	2	0	0	0	0	0	0	0	0	0	0	0	2	0	0	0	0	0	0
chrM	5p	+	27	434	367	183	381	1365	0	7	2	0	0	0	0	0	0	0	0	0	0	0	2	0	0	0	0	0	0
chrM	5p	+	28	469	396	164	336	1365	5	8	3	3	0	0	0	0	0	0	0	0	0	0	0	2	0	0	0	0	0
chrM	5p	+	29	426	423	164	353	1366	3	13	1	0	0	0	0	0	0	0	0	1	0	0	0	0	0	0	0	0	0
chrM	5p	+	30	423	382	182	378	1365	5	4	1	0	0	0	0	0	0	0	0	0	0	0	0	0	1	0	0	0	0
chrM	5p	+	31	458	409	160	339	1366	4	11	1	0	0	0	0	0	0	0	0	0	0	0	0	0	0	0	0	0	0
chrM	5p	+	32	443	407	175	341	1366	2	16	1	1	0	0	1	1	0	0	0	0	0	0	0	0	0	0	0	0	0
chrM	5p	+	33	436	376	178	376	1366	5	9	1	0	0	0	0	0	1	0	0	0	0	0	1	0	0	0	0	0	0
chrM	5p	+	34	446	410	181	329	1366	4	11	2	1	0	0	0	0	0	0	0	0	0	0	1	0	0	0	0	0	0
chrM	5p	+	35	463	378	184	341	1366	5	13	5	0	0	0	0	0	0	0	0	0	1	0	0	0	0	0	0	0	0
chrM	5p	+	36	425	420	166	355	1366	8	18	1	2	0	0	0	0	0	0	0	0	0	0	0	0	0	0	0	0	0
chrM	5p	+	37	436	431	179	320	1366	5	10	3	1	0	0	0	1	0	0	0	0	0	0	1	0	0	0	0	0	0
chrM	5p	+	38	456	401	191	317	1365	6	11	1	0	0	0	0	1	0	0	0	0	0	0	0	0	0	0	0	0	0
chrM	5p	+	39	427	415	172	352	1366	4	6	1	1	0	0	0	1	0	0	0	0	0	0	1	0	0	0	0	0	0
chrM	5p	+	40	456	381	193	335	1365	2	12	0	0	0	0	0	0	0	0	0	0	0	0	0	0	0	0	0	0	0
chrM	5p	+	41	448	394	195	329	1366	4	13	2	0	0	0	0	0	0	0	0	0	0	0	1	0	0	0	0	0	0
chrM	5p	+	42	419	405	214	328	1366	4	6	5	0	0	0	0	1	0	0	0	0	0	0	0	0	0	0	0	0	0
chrM	5p	+	43	444	386	167	369	1366	3	8	2	0	0	0	0	0	0	0	0	0	0	0	0	0	0	0	0	0	0
chrM	5p	+	44	472	364	206	324	1366	7	6	0	1	0	0	0	0	0	0	0	0	0	0	1	0	0	0	0	0	0
chrM	5p	+	45	432	374	201	359	1366	3	10	0	0	0	1	0	0	0	0	1	0	1	0	0	0	0	0	0	0	0
chrM	5p	+	46	444	404	178	340	1366	5	13	2	1	0	0	0	4	0	0	0	0	0	0	0	0	0	0	0	0	0
chrM	5p	+	47	431	396	198	341	1366	9	6	1	2	0	0	0	1	0	0	0	0	0	0	0	0	0	0	0	0	0
chrM	5p	+	48	426	413	188	339	1366	4	5	3	0	0	0	0	1	0	0	0	0	0	0	0	0	0	0	0	0	0
chrM	5p	+	49	450	404	187	325	1366	4	8	3	0	0	0	0	2	0	0	0	0	0	0	1	0	0	0	0	0	0
chrM	5p	+	50	449	419	181	317	1366	1	10	0	1	0	0	0	0	0	0	0	0	0	0	1	0	0	0	0	0	0
chrM	5p	+	51	428	397	192	349	1366	2	17	1	0	0	0	0	1	0	0	0	0	0	0	3	0	0	0	0	0	0
chrM	5p	+	52	429	392	193	351	1365	4	9	0	0	0	0	0	2	0	1	0	0	0	0	0	0	0	0	0	0	0
chrM	5p	+	53	453	398	196	319	1366	1	9	1	0	0	0	0	0	0	0	0	0	0	0	0	0	0	0	0	0	0
chrM	5p	+	54	414	417	192	343	1366	4	9	1	0	0	0	0	1	0	0	0	1	0	0	0	0	0	0	0	0	0
chrM	5p	+	55	431	405	166	364	1366	4	9	2	0	0	0	0	1	0	0	0	0	0	0	0	0	0	0	0	0	0
chrM	5p	+	56	440	393	184	349	1366	4	7	1	1	0	0	0	0	0	0	0	0	0	0	1	0	0	0	0	0	0
chrM	5p	+	57	434	387	213	332	1366	3	3	2	1	0	0	0	0	0	0	0	0	0	1	0	0	0	0	0	0	0
chrM	5p	+	58	433	414	173	346	1366	0	4	3	0	0	0	0	0	0	0	0	0	0	0	0	0	0	0	0	0	0
chrM	5p	+	59	441	398	190	337	1366	2	8	0	0	1	0	0	0	0	0	0	0	0	0	0	0	0	0	0	0	0
chrM	5p	+	60	452	389	180	345	1366	6	3	2	1	0	0	0	0	0	0	1	0	0	0	0	0	0	0	0	0	0
chrM	5p	+	61	438	400	181	347	1366	3	4	4	0	0	0	0	0	0	0	0	0	0	0	1	0	0	0	0	0	0
chrM	5p	+	62	445	405	184	332	1366	2	7	1	1	0	0	0	1	0	0	0	0	0	0	1	0	0	0	0	0	0
chrM	5p	+	63	415	410	197	344	1366	5	2	3	0	0	0	0	0	0	0	0	0	0	0	1	0	0	0	0	0	0
chrM	5p	+	64	449	418	194	305	1366	4	8	1	1	0	1	0	0	0	1	1	0	0	0	0	0	0	0	0	0	0
chrM	5p	+	65	431	372	210	353	1366	8	3	1	0	0	0	0	0	1	0	0	1	0	0	0	0	0	0	0	0	0
chrM	5p	+	66	425	393	193	355	1366	0	3	1	0	0	0	0	1	1	0	0	0	0	0	0	0	0	0	0	0	0
chrM	5p	+	67	422	431	180	332	1365	3	3	2	0	0	0	0	1	0	0	0	0	0	0	1	0	1	0	0	0	0
chrM	5p	+	68	451	378	194	343	1366	4	5	3	0	0	0	0	4	0	2	0	0	3	0	0	0	0	0	0	0	0
chrM	5p	+	69	411	404	199	347	1361	6	9	1	1	0	0	2	0	0	2	0	0	1	1	2	2	5	0	0	0	0
chrM	5p	+	70	422	378	187	373	1360	2	2	2	0	1	0	4	4	3	3	0	0	0	0	0	3	3	1	0	2	0
chrM	5p	-	1	276	157	660	249	1342	12	15	1	1	0	0	0	0	1	0	0	0	0	0	0	0	0	0	0	0	0
chrM	5p	-	2	342	170	443	388	1343	2	3	1	0	0	0	0	0	0	1	0	0	0	0	0	0	0	0	0	0	0
chrM	5p	-	3	259	177	322	585	1343	1	2	0	0	0	0	0	0	0	0	0	0	0	0	0	0	0	0	0	0	0
chrM	5p	-	4	352	179	356	456	1343	4	4	0	0	0	0	0	0	0	0	0	0	0	0	0	0	0	0	0	0	0
chrM	5p	-	5	360	171	371	441	1343	2	3	1	1	0	0	0	0	0	0	0	0	0	0	0	0	0	0	0	0	0
chrM	5p	-	6	364	159	408	412	1343	5	4	0	1	0	0	0	0	0	0	0	0	0	0	0	0	0	0	0	0	0
chrM	5p	-	7	360	164	409	410	1343	0	4	1	1	0	0	0	0	0	0	0	0	0	0	0	0	0	0	0	0	0
chrM	5p	-	8	328	199	366	450	1343	0	2	1	1	0	0	0	0	0	0	0	0	0	0	0	0	0	0	0	0	0
chrM	5p	-	9	322	174	402	444	1342	1	1	1	1	0	0	0	0	0	0	0	0	0	0	0	0	0	0	0	0	0
chrM	5p	-	10	325	200	399	419	1343	2	2	1	1	0	0	0	0	0	0	1	0	0	0	0	1	0	0	0	0	0
chrM	5p	-	11	345	176	409	413	1343	3	0	0	1	0	0	0	0	0	0	0	0	0	0	0	0	0	0	0	0	0
chrM	5p	-	12	337	185	404	416	1342	2	3	1	1	0	0	0	0	0	0	0	0	0	0	0	1	0	0	0	0	0
chrM	5p	-	13	357	197	388	401	1343	1	1	0	1	0	0	0	0	0	0	0	0	0	0	0	1	0	0	0	0	0
chrM	5p	-	14	336	191	389	426	1342	0	2	1	0	0	0	0	0	0	0	0	0	0	0	0	0	0	0	0	0	0
chrM	5p	-	15	310	194	404	434	1342	1	5	1	1	0	0	0	0	0	0	0	0	0	0	0	1	0	0	0	0	0
chrM	5p	-	16	348	167	391	437	1343	2	2	0	3	0	0	0	0	0	0	0	0	0	0	0	1	0	0	0	0	0
chrM	5p	-	17	350	182	374	437	1343	6	3	0	7	0	0	0	0	0	0	0	0	0	0	0	0	0	0	0	0	0
chrM	5p	-	18	335	165	405	438	1343	2	2	0	4	0	0	0	0	0	0	0	1	0	1	0	0	0	0	0	0	0
chrM	5p	-	19	330	194	383	436	1343	3	5	1	0	0	0	0	0	0	0	1	0	0	0	0	0	0	0	0	0	0
chrM	5p	-	20	346	192	400	405	1343	4	2	0	3	1	0	0	0	0	0	0	0	0	0	0	0	0	0	0	0	0
chrM	5p	-	21	329	179	416	419	1343	5	1	0	4	0	0	0	0	0	0	0	0	0	0	0	0	0	0	0	0	0
chrM	5p	-	22	312	205	398	428	1343	2	3	0	0	0	0	0	0	0	0	0	0	0	0	0	0	0	0	0	0	0
chrM	5p	-	23	345	204	377	417	1343	2	4	0	1	0	0	0	0	0	0	0	0	0	0	0	0	0	0	0	0	0
chrM	5p	-	24	329	181	387	446	1343	6	5	1	3	0	0	0	0	0	0	0	0	0	1	0	0	0	0	0	0	0
chrM	5p	-	25	348	193	368	434	1343	9	2	0	2	0	0	0	0	0	1	0	0	0	0	0	0	0	0	0	0	0
chrM	5p	-	26	322	194	407	419	1342	4	5	0	1	0	0	0	0	0	0	0	0	0	0	0	0	0	0	0	0	0
chrM	5p	-	27	315	170	392	466	1343	4	3	1	0	0	0	0	0	0	0	0	0	1	1	0	1	0	0	0	0	0
chrM	5p	-	28	337	168	410	427	1342	6	5	1	1	0	0	0	0	0	0	0	0	0	0	0	0	0	0	0	0	0
chrM	5p	-	29	337	181	381	444	1343	4	3	0	1	0	0	0	0	0	0	0	0	0	0	0	1	0	0	0	0	0
chrM	5p	-	30	343	173	385	442	1343	5	3	1	1	0	0	0	0	0	0	0	0	0	0	0	0	0	0	0	0	0
chrM	5p	-	31	335	191	409	407	1342	5	2	1	0	0	0	0	1	0	0	0	0	0	0	0	0	0	1	0	0	0
chrM	5p	-	32	329	211	395	408	1343	7	5	0	4	0	0	0	0	0	1	0	0	0	0	0	2	0	0	0	0	0
chrM	5p	-	33	334	174	416	419	1343	8	7	1	1	0	0	0	0	0	1	1	0	0	1	0	1	0	0	0	0	0
chrM	5p	-	34	354	181	394	414	1343	7	11	1	0	0	0	0	0	0	0	0	0	0	0	0	0	0	0	0	0	0
chrM	5p	-	35	329	200	386	428	1343	8	6	1	2	0	0	0	0	0	0	1	0	0	0	0	0	0	0	0	0	0
chrM	5p	-	36	342	189	378	434	1343	9	10	2	0	0	0	0	0	0	0	0	0	1	0	0	0	0	0	0	0	0
chrM	5p	-	37	314	191	406	431	1342	9	6	0	2	0	0	0	0	0	0	1	0	0	0	0	1	0	0	0	0	0
chrM	5p	-	38	334	167	400	442	1343	6	6	0	2	0	0	0	1	0	0	0	0	0	0	0	2	0	0	0	0	0
chrM	5p	-	39	308	182	390	463	1343	7	6	1	3	0	0	0	1	0	0	0	0	0	1	0	1	0	0	0	0	0
chrM	5p	-	40	354	173	410	406	1343	9	6	1	3	0	0	0	0	0	0	0	0	0	0	0	0	0	0	0	0	0
chrM	5p	-	41	359	203	354	427	1343	2	4	0	4	0	0	0	1	0	0	0	0	0	0	0	3	0	0	0	0	0
chrM	5p	-	42	335	184	393	430	1342	5	7	0	3	0	0	0	0	0	0	0	1	0	0	0	1	0	0	0	0	0
chrM	5p	-	43	337	170	388	448	1343	11	6	0	5	0	1	1	0	0	0	0	0	0	0	0	1	0	0	0	0	0
chrM	5p	-	44	353	173	389	428	1343	9	3	0	1	0	0	0	0	0	0	1	0	0	0	0	0	0	0	0	0	0
chrM	5p	-	45	336	177	397	433	1343	7	2	0	0	0	0	0	1	0	0	0	0	1	0	1	0	0	0	0	0	0
chrM	5p	-	46	332	170	397	444	1343	5	6	0	1	0	0	0	0	0	0	0	0	1	0	1	0	0	0	0	0	0
chrM	5p	-	47	341	195	392	415	1343	6	5	0	2	0	0	0	0	0	0	0	0	0	0	0	1	0	0	0	0	0
chrM	5p	-	48	319	197	386	441	1343	9	4	0	2	0	0	0	0	0	0	0	2	0	0	1	0	0	0	0	0	0
chrM	5p	-	49	322	173	407	441	1343	5	2	0	1	0	0	0	0	0	0	0	0	0	0	1	2	0	0	0	0	0
chrM	5p	-	50	335	169	410	429	1343	8	3	1	3	0	0	0	0	0	0	2	0	0	1	0	0	0	0	0	0	0
chrM	5p	-	51	316	189	415	423	1343	4	5	0	0	0	0	0	0	0	0	0	0	0	0	0	0	0	0	0	0	0
chrM	5p	-	52	328	178	422	415	1343	7	7	0	1	0	0	0	0	0	0	0	0	0	0	0	0	0	0	0	0	0
chrM	5p	-	53	334	181	398	429	1342	8	6	0	2	0	0	0	0	0	0	0	0	0	0	0	3	0	0	0	0	0
chrM	5p	-	54	322	195	382	444	1343	4	5	0	2	0	0	0	0	0	0	0	0	0	0	0	0	0	0	0	0	0
chrM	5p	-	55	325	189	383	446	1343	10	5	0	1	0	0	0	1	0	0	1	1	0	0	0	0	0	0	0	0	0
chrM	5p	-	56	342	187	384	429	1342	6	2	1	1	0	0	0	0	0	0	0	0	0	0	0	1	0	0	0	0	0
chrM	5p	-	57	351	181	364	447	1343	4	3	0	2	0	0	0	0	0	0	0	0	0	1	0	1	0	0	0	0	0
chrM	5p	-	58	369	175	383	416	1343	9	1	1	2	0	0	0	1	0	0	0	0	0	1	0	1	0	0	0	0	0
chrM	5p	-	59	354	195	378	415	1342	10	0	0	0	0	0	0	0	0	0	0	1	0	0	0	0	0	0	0	0	0
chrM	5p	-	60	314	176	398	455	1343	9	1	2	0	0	0	0	0	0	0	0	0	0	0	0	2	0	0	0	0	0
chrM	5p	-	61	317	179	412	434	1342	10	2	1	1	0	0	0	1	0	0	0	0	0	0	0	1	0	0	0	0	0
chrM	5p	-	62	347	180	401	415	1343	8	2	0	1	0	0	0	1	0	0	0	2	0	1	0	2	0	0	0	0	0
chrM	5p	-	63	320	175	399	448	1342	10	3	3	1	0	0	0	0	0	0	0	1	0	0	0	2	0	0	0	0	0
chrM	5p	-	64	373	166	406	397	1342	4	2	2	0	0	0	0	0	0	1	0	0	0	0	0	1	0	0	0	0	0
chrM	5p	-	65	361	168	376	437	1342	11	1	0	0	0	0	0	0	0	1	0	0	0	0	0	1	0	0	0	0	0
chrM	5p	-	66	355	189	366	433	1343	5	2	2	2	0	0	0	2	0	0	0	0	0	0	0	1	0	0	0	0	0
chrM	5p	-	67	370	172	380	420	1342	6	2	1	1	0	0	1	2	0	0	0	0	0	0	0	0	0	1	0	0	0
chrM	5p	-	68	341	193	362	444	1340	6	3	1	1	0	0	0	1	2	4	0	0	0	0	1	0	1	1	1	0	0
chrM	5p	-	69	341	177	388	430	1336	3	2	2	0	0	0	0	5	0	1	0	0	0	0	0	0	4	1	1	1	0
chrM	5p	-	70	366	173	404	391	1334	10	2	1	1	0	1	3	2	2	3	0	0	2	3	1	1	3	4	1	1	0
