# table produced by mapDamage version 2.0.3
# using mapped file /ebc_data/cls83/Johns/JDS3_02/J-80/bam/J-80.truncated.aln.chrM_filtered_sort_umr_dedup_readgroups.bam and /ebc_data/cls83/indexes/chrM.fasta as reference file
# Chr: reference from sam/bam header, End: from which termini of DNA sequences, Std: strand of reads
Chr	End	Std	Pos	A	C	G	T	Total	G>A	C>T	A>G	T>C	A>C	A>T	C>G	C>A	T>G	T>A	G>C	G>T	A>-	T>-	C>-	G>-	->A	->T	->C	->G	S
chrM	3p	+	1	331	171	128	202	832	19	30	11	0	0	22	33	49	13	25	0	11	0	0	0	0	0	0	0	0	1
chrM	3p	+	2	275	232	130	195	832	24	5	18	2	5	0	25	50	14	23	3	0	0	0	0	0	0	0	0	0	0
chrM	3p	+	3	250	269	96	216	831	3	6	14	3	2	5	28	20	32	10	0	1	0	0	0	0	0	1	0	0	0
chrM	3p	+	4	239	281	106	203	829	10	5	1	0	2	2	2	42	2	16	1	0	0	0	0	0	3	0	0	0	0
chrM	3p	+	5	247	256	123	205	831	6	4	2	2	0	0	10	4	3	1	0	1	0	0	0	0	0	0	0	1	0
chrM	3p	+	6	284	245	107	192	828	3	5	3	0	0	0	3	10	0	5	0	1	0	0	0	0	3	0	0	1	0
chrM	3p	+	7	280	243	97	204	824	3	3	1	0	0	0	0	1	0	2	0	0	0	2	1	0	6	0	0	2	0
chrM	3p	+	8	261	229	126	209	825	7	6	2	1	0	0	0	0	0	1	0	0	0	0	0	0	3	0	0	4	0
chrM	3p	+	9	259	255	98	216	828	9	4	0	0	0	0	0	0	0	1	0	0	0	0	1	0	4	0	0	0	0
chrM	3p	+	10	255	261	107	209	832	2	3	1	0	0	0	0	1	0	0	0	0	0	0	1	0	0	0	0	0	0
chrM	3p	+	11	269	247	117	199	832	4	2	2	0	0	0	0	0	0	0	0	0	0	0	0	0	0	0	0	0	0
chrM	3p	+	12	274	268	102	188	832	4	4	1	1	0	0	0	0	0	0	0	0	0	0	0	0	0	0	0	0	0
chrM	3p	+	13	268	231	106	227	832	1	4	0	1	0	0	0	0	0	0	0	0	0	0	0	0	0	0	0	0	0
chrM	3p	+	14	262	257	95	218	832	6	7	0	0	0	0	0	0	0	1	0	0	0	0	0	0	0	0	0	0	0
chrM	3p	+	15	271	253	93	215	832	1	8	0	0	0	0	0	0	0	0	0	0	0	0	0	0	0	0	0	0	0
chrM	3p	+	16	255	260	117	200	832	3	3	0	0	0	0	0	0	0	0	0	0	0	0	0	0	0	0	0	0	0
chrM	3p	+	17	245	256	120	211	832	2	0	1	1	0	0	0	0	0	0	0	0	0	0	0	0	0	0	0	0	0
chrM	3p	+	18	254	260	112	205	831	1	2	0	1	0	0	0	1	0	0	0	0	0	0	0	0	0	0	1	0	0
chrM	3p	+	19	253	248	109	222	832	4	5	0	1	0	0	2	0	0	0	0	0	0	0	0	0	0	0	0	0	0
chrM	3p	+	20	276	232	132	192	832	7	1	0	0	0	0	0	0	0	0	0	0	0	0	0	0	0	0	0	0	0
chrM	3p	+	21	270	269	94	199	832	2	6	1	0	0	0	0	3	0	0	0	0	0	0	0	0	0	0	0	0	0
chrM	3p	+	22	263	262	97	210	832	4	6	1	1	0	0	0	0	0	0	0	0	0	0	0	0	0	0	0	0	0
chrM	3p	+	23	276	244	119	193	832	4	5	0	0	0	0	0	2	0	0	0	0	0	0	0	0	0	0	0	0	0
chrM	3p	+	24	267	234	106	225	832	2	5	0	1	0	0	0	0	0	0	0	0	0	0	0	0	0	0	0	0	0
chrM	3p	+	25	237	258	126	211	832	3	5	0	0	0	0	0	0	0	0	0	0	0	0	0	0	0	0	0	0	0
chrM	3p	+	26	261	234	132	205	832	5	3	1	0	0	0	0	0	1	0	0	0	0	0	0	0	0	0	0	0	0
chrM	3p	+	27	280	263	104	185	832	4	4	2	0	0	0	0	1	0	0	0	0	0	0	0	0	0	0	0	0	0
chrM	3p	+	28	265	259	125	183	832	4	7	0	1	0	0	0	2	1	0	0	0	0	0	0	0	0	0	0	0	0
chrM	3p	+	29	283	243	116	190	832	5	7	1	1	0	2	0	0	0	0	0	0	0	0	0	0	0	0	0	0	0
chrM	3p	+	30	259	262	103	207	831	5	4	0	0	0	0	0	1	0	0	0	0	0	0	0	0	0	0	0	0	0
chrM	3p	+	31	266	239	100	227	832	3	4	1	1	0	0	0	1	0	0	0	0	0	0	1	0	0	0	0	0	0
chrM	3p	+	32	267	267	90	208	832	3	5	1	0	2	0	1	0	0	0	0	0	0	0	1	0	0	0	0	0	0
chrM	3p	+	33	251	255	106	220	832	2	6	0	0	1	0	0	1	0	0	0	0	0	0	0	0	0	0	0	0	0
chrM	3p	+	34	263	243	121	205	832	3	6	0	0	0	0	0	1	0	0	0	0	0	0	0	0	0	0	0	0	0
chrM	3p	+	35	274	209	133	216	832	6	9	2	0	0	0	0	0	0	0	0	0	0	0	0	0	0	0	0	0	0
chrM	3p	+	36	271	249	98	214	832	2	8	0	2	0	0	0	0	0	0	0	0	0	0	0	0	0	0	0	0	0
chrM	3p	+	37	256	274	100	202	832	4	7	0	1	0	0	0	0	0	0	0	0	0	0	0	0	0	0	0	0	0
chrM	3p	+	38	279	243	111	199	832	6	12	0	1	1	0	0	0	0	1	0	0	0	0	0	0	0	0	0	0	0
chrM	3p	+	39	264	271	108	189	832	1	2	0	0	0	0	0	0	0	0	0	0	0	0	0	0	0	0	0	0	0
chrM	3p	+	40	238	241	126	227	832	4	6	1	0	0	0	0	0	0	0	0	0	0	0	0	0	0	0	0	0	0
chrM	3p	+	41	261	264	121	186	832	4	9	1	0	0	0	0	1	0	0	0	0	0	1	0	0	0	0	0	0	0
chrM	3p	+	42	271	258	106	197	832	4	8	1	0	0	0	0	1	0	0	0	0	1	0	1	0	0	0	0	0	0
chrM	3p	+	43	251	267	110	204	832	3	6	1	0	0	0	0	1	0	0	0	0	0	0	1	0	0	0	0	0	0
chrM	3p	+	44	264	235	118	215	832	4	6	0	2	0	0	0	1	0	0	0	0	0	0	0	0	0	0	0	0	0
chrM	3p	+	45	271	274	97	190	832	4	4	1	0	0	0	0	0	0	0	0	0	0	0	0	0	0	0	0	0	0
chrM	3p	+	46	292	203	120	217	832	5	2	0	0	0	0	0	0	0	0	0	0	0	0	0	0	0	0	0	0	0
chrM	3p	+	47	274	239	108	211	832	2	1	0	0	0	0	0	1	0	0	0	0	0	0	0	0	0	0	0	0	0
chrM	3p	+	48	253	254	114	211	832	0	5	0	0	0	0	0	0	0	0	0	0	0	0	1	0	0	0	0	0	0
chrM	3p	+	49	266	241	105	220	832	1	2	2	0	1	0	0	1	0	1	0	0	0	0	0	0	0	0	0	0	0
chrM	3p	+	50	248	244	132	208	832	5	9	2	0	0	0	0	0	0	0	0	0	1	0	0	0	0	0	0	0	0
chrM	3p	+	51	247	254	130	201	832	1	3	0	1	0	0	0	0	0	0	0	0	0	0	0	0	0	0	0	0	0
chrM	3p	+	52	285	224	107	216	832	2	5	1	0	0	0	0	0	0	0	0	0	0	0	0	0	0	0	0	0	0
chrM	3p	+	53	259	258	93	222	832	1	1	1	0	0	1	0	0	0	0	0	0	0	0	0	0	0	0	0	0	0
chrM	3p	+	54	256	272	94	210	832	3	1	0	0	0	0	0	0	0	0	0	0	0	0	0	0	0	0	0	0	0
chrM	3p	+	55	257	254	118	203	832	1	5	0	0	0	0	0	0	0	0	0	0	0	0	0	0	0	0	0	0	0
chrM	3p	+	56	270	252	114	196	832	1	4	1	0	0	0	0	0	0	0	0	0	1	0	0	0	0	0	0	0	0
chrM	3p	+	57	279	280	83	190	832	0	12	1	0	0	0	0	0	0	0	0	0	0	0	0	0	0	0	0	0	0
chrM	3p	+	58	249	257	116	209	831	2	6	0	0	0	0	0	0	0	0	1	0	1	0	0	0	0	0	0	0	0
chrM	3p	+	59	243	249	125	215	832	1	5	1	0	0	0	0	0	0	0	1	0	0	0	1	0	0	0	0	0	0
chrM	3p	+	60	256	251	118	207	832	1	5	0	0	0	0	0	0	0	0	0	0	0	0	0	0	0	0	0	0	0
chrM	3p	+	61	248	231	129	224	832	1	6	1	0	0	0	0	1	0	0	0	0	0	0	0	0	0	0	0	0	0
chrM	3p	+	62	257	267	97	211	832	1	6	1	1	0	0	0	1	0	0	0	0	0	0	0	0	0	0	0	0	0
chrM	3p	+	63	257	278	106	191	832	1	6	0	0	0	0	0	0	0	0	0	0	0	0	0	0	0	0	0	0	0
chrM	3p	+	64	249	239	105	239	832	1	6	0	0	0	0	0	0	0	0	0	0	0	0	0	0	0	0	0	0	0
chrM	3p	+	65	272	230	113	217	832	1	3	0	0	0	0	0	0	0	0	0	0	0	0	0	0	0	0	0	0	0
chrM	3p	+	66	270	263	121	178	832	1	8	0	1	0	0	0	0	0	1	0	0	0	0	0	0	0	0	0	0	0
chrM	3p	+	67	242	254	110	226	832	1	10	0	0	0	0	0	0	0	0	0	0	0	0	0	0	0	0	0	0	0
chrM	3p	+	68	245	255	122	210	832	3	7	0	1	0	0	0	0	0	0	0	0	0	0	0	0	0	0	0	0	0
chrM	3p	+	69	266	259	114	193	832	2	7	0	0	0	0	0	0	0	0	0	0	0	0	0	0	0	0	0	0	0
chrM	3p	+	70	261	248	112	211	832	0	12	0	0	0	0	0	0	0	0	0	0	0	0	0	0	0	0	0	0	0
chrM	3p	-	1	222	60	282	218	782	43	10	14	0	0	14	12	18	17	25	0	27	0	0	0	0	0	0	0	0	0
chrM	3p	-	2	199	83	252	246	780	44	0	7	5	7	0	5	18	14	38	6	0	0	0	0	0	0	0	2	0	0
chrM	3p	-	3	201	108	240	229	778	24	6	7	3	5	2	11	9	21	9	5	4	0	0	0	0	1	2	0	1	0
chrM	3p	-	4	218	108	213	237	776	36	2	0	2	2	1	0	14	1	25	0	0	0	0	0	0	2	1	3	0	0
chrM	3p	-	5	187	109	263	216	775	24	1	2	2	0	3	1	3	2	0	2	1	0	1	4	0	3	1	0	3	0
chrM	3p	-	6	202	92	257	221	772	16	0	0	0	2	0	5	1	2	10	1	2	0	0	0	0	7	0	2	1	0
chrM	3p	-	7	204	100	240	233	777	24	2	2	1	0	0	0	2	2	0	0	2	0	3	0	1	3	1	0	1	0
chrM	3p	-	8	173	108	242	257	780	15	0	0	1	0	0	0	0	0	3	2	0	1	0	0	0	1	0	0	1	0
chrM	3p	-	9	192	115	234	240	781	8	2	0	0	0	0	0	1	0	1	2	2	3	0	0	1	0	0	0	1	0
chrM	3p	-	10	232	99	243	207	781	10	4	0	1	0	0	0	0	1	1	0	1	0	0	1	0	0	0	0	0	0
chrM	3p	-	11	179	91	248	263	781	10	2	1	0	0	0	0	1	0	1	0	0	0	2	1	0	0	0	0	1	0
chrM	3p	-	12	201	105	239	237	782	9	4	0	0	0	1	0	0	0	0	0	0	0	0	0	1	0	0	0	0	0
chrM	3p	-	13	192	88	251	251	782	6	0	2	0	0	0	0	0	0	0	0	0	0	0	0	0	0	0	0	0	0
chrM	3p	-	14	197	90	247	248	782	4	3	0	1	0	0	0	0	1	0	0	1	0	0	0	0	0	0	0	0	0
chrM	3p	-	15	178	105	232	267	782	7	3	0	0	0	0	0	0	0	0	0	0	0	0	0	1	0	0	0	0	0
chrM	3p	-	16	184	110	242	245	781	10	4	0	0	0	0	0	0	0	0	0	0	0	0	0	1	0	0	0	0	0
chrM	3p	-	17	179	99	266	237	781	12	2	0	0	1	0	0	0	0	0	2	1	0	0	0	0	0	0	0	0	0
chrM	3p	-	18	193	102	249	238	782	11	4	1	0	0	0	0	0	0	0	0	0	0	0	0	0	0	0	0	0	0
chrM	3p	-	19	195	104	226	257	782	9	4	0	0	0	0	0	0	1	2	0	0	0	0	0	1	0	0	0	0	0
chrM	3p	-	20	178	114	261	229	782	7	2	0	0	0	0	0	0	0	0	0	0	0	0	0	0	0	0	0	0	0
chrM	3p	-	21	193	97	257	235	782	6	4	0	0	0	0	0	0	0	0	0	0	0	1	0	0	0	0	0	0	0
chrM	3p	-	22	212	94	229	247	782	8	3	1	1	0	0	0	0	0	0	0	0	0	0	0	0	0	0	0	0	0
chrM	3p	-	23	182	107	230	263	782	4	3	0	1	0	0	0	0	0	0	0	0	0	0	0	1	0	0	0	0	0
chrM	3p	-	24	184	104	258	236	782	11	4	1	1	0	0	0	0	0	0	0	0	0	1	0	0	0	0	0	0	0
chrM	3p	-	25	211	85	254	232	782	10	4	0	1	0	1	0	0	0	1	1	0	0	0	0	0	0	0	0	0	0
chrM	3p	-	26	185	103	237	257	782	8	2	0	0	0	0	0	0	0	0	0	0	0	0	0	0	0	0	0	0	0
chrM	3p	-	27	200	115	228	239	782	5	2	0	0	0	0	0	0	0	0	0	0	0	0	0	0	0	0	0	0	0
chrM	3p	-	28	200	107	247	228	782	7	3	0	0	0	0	0	0	0	0	0	0	0	0	0	0	0	0	0	0	0
chrM	3p	-	29	189	106	238	249	782	4	0	0	0	0	0	0	0	0	0	0	0	0	0	0	0	0	0	0	0	0
chrM	3p	-	30	188	100	257	237	782	7	1	0	0	0	0	0	0	0	0	0	0	0	0	1	0	0	0	0	0	0
chrM	3p	-	31	184	98	252	248	782	8	2	0	0	0	0	0	0	0	1	0	1	0	0	0	0	0	0	0	0	0
chrM	3p	-	32	166	99	285	232	782	4	4	0	2	0	0	0	0	0	0	0	0	0	0	0	0	0	0	0	0	0
chrM	3p	-	33	181	109	239	253	782	8	2	0	1	0	0	0	0	0	0	0	0	0	0	0	0	0	0	0	0	0
chrM	3p	-	34	217	95	235	235	782	7	3	0	1	0	0	0	0	0	2	0	0	0	0	0	0	0	0	0	0	0
chrM	3p	-	35	170	92	267	252	781	2	4	0	4	0	1	0	0	0	1	0	0	0	0	0	2	0	1	0	0	0
chrM	3p	-	36	188	108	241	244	781	7	4	0	0	0	0	0	3	0	0	0	0	0	0	0	0	0	0	0	0	0
chrM	3p	-	37	210	87	235	250	782	6	4	1	0	0	0	0	0	0	0	2	0	0	0	0	0	0	0	0	0	0
chrM	3p	-	38	184	117	232	249	782	7	1	0	0	0	0	0	0	0	0	0	0	0	0	0	0	0	0	0	0	0
chrM	3p	-	39	187	101	239	255	782	7	2	0	2	0	0	0	0	0	0	0	0	0	0	0	0	0	0	0	0	0
chrM	3p	-	40	193	115	210	264	782	4	3	0	0	0	0	0	0	0	0	0	0	0	0	0	0	0	0	0	0	0
chrM	3p	-	41	188	108	237	249	782	3	2	0	1	0	0	0	0	0	0	0	0	0	0	0	0	0	0	0	0	0
chrM	3p	-	42	172	134	245	231	782	11	6	0	0	0	0	0	0	0	1	0	0	0	0	0	0	0	0	0	0	0
chrM	3p	-	43	206	98	222	256	782	3	7	0	1	0	0	0	0	0	0	0	0	0	0	0	0	0	0	0	0	0
chrM	3p	-	44	193	83	257	249	782	3	1	0	0	0	0	0	0	0	0	0	0	0	0	0	0	0	0	0	0	0
chrM	3p	-	45	183	108	250	241	782	4	11	0	1	0	0	0	0	0	0	0	0	0	0	0	0	0	0	0	0	0
chrM	3p	-	46	201	107	223	251	782	3	6	1	1	0	0	1	0	0	1	0	0	0	0	0	0	0	0	0	0	0
chrM	3p	-	47	194	105	224	259	782	6	4	0	0	0	0	0	0	0	0	0	0	0	0	0	1	0	0	0	0	0
chrM	3p	-	48	202	113	228	239	782	2	7	1	1	0	0	0	0	0	0	0	0	1	0	0	0	0	0	0	0	0
chrM	3p	-	49	197	98	247	240	782	1	4	0	0	0	0	0	2	0	0	0	0	0	0	0	0	0	0	0	0	0
chrM	3p	-	50	178	109	242	253	782	1	4	0	0	0	0	0	0	0	0	0	0	0	0	0	1	0	0	0	0	0
chrM	3p	-	51	194	105	253	230	782	4	3	0	0	0	0	0	0	0	0	0	0	0	0	0	0	0	0	0	0	0
chrM	3p	-	52	194	89	252	247	782	2	4	0	0	0	0	0	0	0	0	0	0	0	0	0	0	0	0	0	0	0
chrM	3p	-	53	216	84	227	255	782	1	6	0	0	0	0	0	0	0	0	0	0	0	0	0	0	0	0	0	0	0
chrM	3p	-	54	193	112	225	252	782	2	6	1	0	0	0	0	0	1	2	0	0	0	0	0	0	0	0	0	0	0
chrM	3p	-	55	198	110	239	235	782	2	3	0	0	0	0	0	0	0	0	0	0	0	0	0	0	0	0	0	0	0
chrM	3p	-	56	183	119	230	250	782	4	6	0	0	0	0	0	0	0	0	0	0	0	0	0	0	0	0	0	0	0
chrM	3p	-	57	191	109	236	246	782	3	4	0	1	0	0	0	0	0	0	0	0	0	0	0	0	0	0	0	0	0
chrM	3p	-	58	176	118	245	243	782	3	5	0	0	0	0	0	0	0	0	0	0	0	0	0	0	0	0	0	0	0
chrM	3p	-	59	193	99	239	251	782	3	3	0	0	0	0	0	0	0	0	0	0	1	0	0	0	0	0	0	0	0
chrM	3p	-	60	211	113	220	238	782	1	2	0	0	0	0	0	0	0	0	0	0	0	0	0	0	0	0	0	0	0
chrM	3p	-	61	188	113	229	252	782	1	5	0	0	0	0	0	0	0	0	0	0	0	0	0	0	0	0	0	0	0
chrM	3p	-	62	177	96	247	262	782	2	6	0	0	0	0	0	0	0	0	1	0	0	0	0	0	0	0	0	0	0
chrM	3p	-	63	182	98	252	250	782	2	7	0	0	0	0	0	0	0	0	0	0	0	0	0	0	0	0	0	0	0
chrM	3p	-	64	200	104	232	246	782	2	3	0	0	0	0	0	0	1	0	0	0	0	0	0	0	0	0	0	0	0
chrM	3p	-	65	194	90	242	256	782	3	5	0	0	0	0	0	0	0	0	0	0	0	0	0	0	0	0	0	0	0
chrM	3p	-	66	184	108	225	265	782	2	4	1	0	0	0	0	0	0	0	0	0	0	0	0	0	0	0	0	0	0
chrM	3p	-	67	193	104	238	247	782	4	3	0	0	0	0	0	0	0	1	0	0	0	0	0	0	0	0	0	0	0
chrM	3p	-	68	183	91	238	270	782	1	1	0	0	0	0	0	0	0	0	0	0	0	0	0	0	0	0	0	0	0
chrM	3p	-	69	181	105	234	262	782	0	4	1	0	0	0	0	0	0	0	0	0	0	0	0	0	0	0	0	0	0
chrM	3p	-	70	210	92	248	232	782	2	4	1	0	0	0	0	0	0	0	0	0	0	0	0	0	0	0	0	0	0
chrM	5p	+	1	215	311	137	169	832	2	53	0	2	0	0	0	1	0	1	0	0	0	0	0	0	0	0	0	0	0
chrM	5p	+	2	248	264	137	183	832	0	29	1	0	0	0	0	0	0	0	0	0	0	0	0	0	0	0	0	0	0
chrM	5p	+	3	247	231	105	249	832	0	23	0	0	0	0	0	1	0	0	0	0	0	0	0	0	0	0	0	0	0
chrM	5p	+	4	245	267	101	219	832	1	19	0	0	0	0	0	0	0	0	0	0	0	0	0	0	0	0	0	0	0
chrM	5p	+	5	295	248	94	195	832	1	16	0	0	1	1	0	0	0	0	0	0	0	0	0	0	0	0	0	0	0
chrM	5p	+	6	282	231	111	208	832	0	12	1	0	1	0	0	0	0	0	0	0	0	0	0	0	0	0	0	0	0
chrM	5p	+	7	242	264	112	214	832	1	11	0	0	0	0	0	0	0	0	0	0	0	0	0	0	0	0	0	0	0
chrM	5p	+	8	264	253	116	199	832	1	7	0	0	0	0	0	0	0	0	0	0	0	0	0	0	0	0	0	0	0
chrM	5p	+	9	252	254	110	216	832	3	9	0	1	0	0	0	0	0	0	0	0	0	0	0	0	0	0	0	0	0
chrM	5p	+	10	250	253	118	211	832	1	10	0	0	0	0	0	0	0	0	0	0	0	0	0	0	0	0	0	0	0
chrM	5p	+	11	268	256	111	197	832	1	5	0	1	0	0	0	0	0	1	0	0	0	0	0	0	0	0	0	0	0
chrM	5p	+	12	250	237	128	217	832	1	3	0	0	0	0	0	0	0	0	0	0	0	0	0	0	0	0	0	0	0
chrM	5p	+	13	266	259	94	213	832	1	5	0	0	0	0	0	0	0	0	0	0	0	0	0	0	0	0	0	0	0
chrM	5p	+	14	253	268	102	209	832	2	7	0	0	0	0	0	0	0	0	0	0	0	0	0	0	0	0	0	0	0
chrM	5p	+	15	249	261	106	216	832	0	8	1	1	0	0	0	1	0	0	0	0	0	0	0	0	0	0	0	0	0
chrM	5p	+	16	244	243	123	222	832	1	6	1	0	0	0	0	1	0	0	0	0	0	0	0	0	0	0	0	0	0
chrM	5p	+	17	274	237	117	204	832	0	6	1	0	0	0	0	0	0	0	0	0	0	0	0	0	0	0	0	0	0
chrM	5p	+	18	242	257	116	217	832	2	4	0	0	0	0	0	0	0	0	2	0	0	0	1	0	0	0	0	0	0
chrM	5p	+	19	266	255	115	195	831	2	9	0	0	0	0	0	0	0	0	0	0	1	0	0	0	0	0	0	0	0
chrM	5p	+	20	267	261	99	205	832	0	7	1	0	0	0	0	0	0	0	0	0	0	0	0	0	0	0	0	0	0
chrM	5p	+	21	250	261	122	199	832	1	3	1	0	0	0	0	0	0	0	0	0	1	0	0	0	0	0	0	0	0
chrM	5p	+	22	266	261	111	194	832	2	4	0	0	0	0	0	0	0	0	0	0	0	0	0	0	0	0	0	0	0
chrM	5p	+	23	253	279	92	208	832	3	1	1	0	0	0	0	0	0	0	0	0	0	0	0	0	0	0	0	0	0
chrM	5p	+	24	271	243	86	232	832	0	1	1	0	0	1	0	0	0	0	0	0	0	0	0	0	0	0	0	0	0
chrM	5p	+	25	280	233	110	209	832	2	5	0	1	0	0	0	0	0	0	0	0	0	0	0	0	0	0	0	0	0
chrM	5p	+	26	229	238	144	221	832	1	3	0	0	0	0	0	0	0	0	0	0	0	0	0	0	0	0	0	0	0
chrM	5p	+	27	256	249	129	198	832	6	11	3	0	0	0	0	0	0	0	0	0	0	0	0	0	0	0	0	0	0
chrM	5p	+	28	275	238	103	216	832	0	4	1	0	1	0	0	1	0	1	0	0	1	0	0	0	0	0	0	0	0
chrM	5p	+	29	253	255	110	214	832	1	1	0	0	0	0	0	0	0	0	0	0	0	0	0	0	0	0	0	0	0
chrM	5p	+	30	286	229	106	211	832	3	1	0	0	0	0	0	1	0	0	0	0	0	0	1	0	0	0	0	0	0
chrM	5p	+	31	278	224	126	204	832	4	4	1	0	0	0	0	0	0	0	0	0	0	0	0	0	0	0	0	0	0
chrM	5p	+	32	279	257	100	196	832	4	5	0	1	0	0	0	0	0	0	0	0	0	0	0	0	0	0	0	0	0
chrM	5p	+	33	245	261	101	225	832	3	6	1	1	0	0	0	1	0	0	0	0	0	0	0	0	0	0	0	0	0
chrM	5p	+	34	269	269	111	183	832	5	5	0	0	0	0	0	1	0	0	0	0	0	0	0	0	0	0	0	0	0
chrM	5p	+	35	258	258	118	198	832	4	9	1	0	0	0	0	2	0	0	0	0	0	0	1	0	0	0	0	0	0
chrM	5p	+	36	270	251	114	197	832	4	9	1	0	0	0	0	0	0	0	0	0	1	1	1	0	0	0	0	0	0
chrM	5p	+	37	250	245	123	214	832	2	4	1	0	0	0	0	0	0	0	0	0	0	0	0	0	0	0	0	0	0
chrM	5p	+	38	253	278	113	188	832	2	5	0	1	1	0	0	0	0	0	0	0	0	0	0	0	0	0	0	0	0
chrM	5p	+	39	276	246	99	211	832	7	12	0	1	0	0	0	0	0	1	0	0	0	0	0	0	0	0	0	0	0
chrM	5p	+	40	275	251	94	212	832	3	8	0	2	0	0	0	0	0	0	0	0	0	0	0	0	0	0	0	0	0
chrM	5p	+	41	250	250	122	210	832	2	8	1	0	0	0	0	0	0	0	0	0	0	0	0	0	0	0	0	0	0
chrM	5p	+	42	263	225	136	208	832	6	8	1	0	0	0	0	0	0	0	0	0	0	0	0	0	0	0	0	0	0
chrM	5p	+	43	272	238	106	216	832	4	5	0	0	1	0	0	1	0	0	0	0	0	0	0	0	0	0	0	0	0
chrM	5p	+	44	260	262	105	205	832	2	5	0	0	0	0	0	1	0	0	0	0	0	0	0	0	0	0	0	0	0
chrM	5p	+	45	255	270	93	214	832	5	4	1	0	2	0	1	1	0	0	0	0	0	0	1	0	0	0	0	0	0
chrM	5p	+	46	272	233	100	227	832	4	3	1	1	0	1	0	0	0	0	0	0	0	0	0	0	0	0	0	0	0
chrM	5p	+	47	256	262	115	199	832	4	6	0	0	0	0	0	1	0	0	0	0	0	0	1	0	0	0	0	0	0
chrM	5p	+	48	285	234	125	187	831	2	9	1	1	0	1	0	1	0	0	0	0	0	0	0	0	0	0	0	0	0
chrM	5p	+	49	277	272	114	169	832	4	5	1	1	0	0	0	2	1	0	0	0	0	0	0	0	0	0	0	0	0
chrM	5p	+	50	257	256	119	200	832	5	6	1	0	0	0	0	0	1	0	0	0	0	0	0	0	0	0	0	0	0
chrM	5p	+	51	260	235	126	211	832	2	1	1	0	0	0	0	1	0	0	0	0	0	0	0	0	0	0	0	0	0
chrM	5p	+	52	254	258	106	214	832	5	3	0	1	0	0	0	0	0	0	0	0	0	0	0	0	0	0	0	0	0
chrM	5p	+	53	269	239	111	213	832	2	6	0	0	0	0	0	0	0	0	0	0	0	0	0	0	0	0	0	0	0
chrM	5p	+	54	284	239	111	198	832	4	8	0	0	0	0	0	1	0	0	0	0	0	0	0	0	0	0	0	0	0
chrM	5p	+	55	269	258	98	207	832	3	5	2	1	0	0	0	0	0	0	0	0	0	0	0	0	0	0	0	0	0
chrM	5p	+	56	254	259	115	204	832	4	4	0	0	0	0	0	3	0	0	0	0	0	0	0	0	0	0	0	0	0
chrM	5p	+	57	281	222	121	208	832	7	2	0	0	0	0	1	0	0	0	0	0	0	0	0	0	0	0	0	0	0
chrM	5p	+	58	250	274	104	204	832	2	4	0	2	0	0	1	0	0	0	0	0	0	0	0	0	0	0	0	0	0
chrM	5p	+	59	245	261	103	222	831	1	2	0	0	0	0	0	1	0	0	0	0	0	0	0	0	0	0	1	0	0
chrM	5p	+	60	254	245	133	200	832	4	0	1	1	0	0	0	0	0	0	0	0	0	0	0	0	0	0	0	0	0
chrM	5p	+	61	277	252	101	202	832	1	6	0	0	0	0	0	0	0	0	0	0	0	0	0	0	0	0	0	0	0
chrM	5p	+	62	256	262	100	214	832	4	8	0	0	0	0	0	0	0	0	0	0	0	0	0	0	0	0	0	0	0
chrM	5p	+	63	253	257	105	217	832	3	4	0	0	0	0	0	0	0	1	0	0	0	0	0	0	0	0	0	0	0
chrM	5p	+	64	274	244	100	214	832	2	5	2	1	0	0	0	0	0	0	0	0	0	0	0	0	0	0	0	0	0
chrM	5p	+	65	278	261	108	185	832	4	3	0	1	0	0	0	0	0	0	0	0	0	0	0	0	0	0	0	0	0
chrM	5p	+	66	268	244	106	214	832	4	2	1	0	0	0	0	0	0	0	0	0	0	0	0	0	0	0	0	0	0
chrM	5p	+	67	260	257	106	209	832	2	2	1	0	0	0	0	1	0	0	0	0	0	0	0	0	0	0	0	0	0
chrM	5p	+	68	242	257	113	215	827	9	6	0	0	0	0	0	0	0	1	0	0	0	0	1	0	5	0	0	0	0
chrM	5p	+	69	268	225	116	216	825	9	6	2	1	0	0	0	0	0	1	0	0	0	0	1	0	3	0	0	4	0
chrM	5p	+	70	279	247	109	190	825	3	2	2	0	0	0	0	1	0	3	0	0	0	0	1	0	5	0	0	2	0
chrM	5p	-	1	162	99	327	194	782	4	18	0	0	0	0	0	1	0	1	0	1	0	0	0	0	0	0	0	0	0
chrM	5p	-	2	172	88	282	240	782	1	8	1	0	0	0	0	2	0	0	0	0	0	0	0	0	0	0	0	0	0
chrM	5p	-	3	172	94	218	298	782	0	10	0	0	0	0	0	0	0	0	0	0	0	0	0	0	0	0	0	0	0
chrM	5p	-	4	213	99	210	260	782	3	9	0	0	0	0	0	0	0	0	0	0	0	0	0	0	0	0	0	0	0
chrM	5p	-	5	226	96	219	241	782	2	6	0	0	0	0	0	0	0	0	0	0	0	0	0	0	0	0	0	0	0
chrM	5p	-	6	196	82	268	236	782	2	5	0	0	0	0	0	0	0	0	0	0	0	0	0	0	0	0	0	0	0
chrM	5p	-	7	212	96	239	235	782	1	4	2	0	0	0	0	0	0	0	0	0	0	0	0	0	0	0	0	0	0
chrM	5p	-	8	180	96	243	263	782	1	3	0	0	0	0	0	0	0	0	0	0	0	0	0	0	0	0	0	0	0
chrM	5p	-	9	183	100	231	268	782	3	1	0	0	0	0	0	0	0	0	0	0	0	0	0	0	0	0	0	0	0
chrM	5p	-	10	193	110	234	245	782	2	3	0	0	0	0	0	0	0	1	0	0	0	0	0	0	0	0	0	0	0
chrM	5p	-	11	182	106	231	263	782	1	7	1	0	0	0	0	0	0	0	0	0	0	0	0	0	0	0	0	0	0
chrM	5p	-	12	201	85	242	254	782	4	2	0	0	0	0	0	0	0	0	0	0	0	0	0	0	0	0	0	0	0
chrM	5p	-	13	187	101	247	247	782	3	4	0	0	0	0	0	0	1	0	0	0	0	0	0	0	0	0	0	0	0
chrM	5p	-	14	192	96	256	238	782	2	7	0	0	0	0	0	0	0	0	0	0	0	0	0	0	0	0	0	0	0
chrM	5p	-	15	181	100	239	262	782	0	6	0	0	0	0	0	0	0	0	1	0	0	0	0	0	0	0	0	0	0
chrM	5p	-	16	188	112	216	266	782	1	5	0	0	0	0	0	0	0	0	0	0	0	0	0	0	0	0	0	0	0
chrM	5p	-	17	214	112	217	239	782	2	1	0	0	0	0	0	0	0	0	0	0	0	0	0	0	0	0	0	0	0
chrM	5p	-	18	190	102	252	238	782	2	4	0	0	0	0	0	0	0	0	0	0	0	0	0	0	0	0	0	0	0
chrM	5p	-	19	175	123	239	245	782	5	5	0	0	0	0	0	0	0	0	0	0	1	0	0	0	0	0	0	0	0
chrM	5p	-	20	188	110	232	252	782	3	4	0	1	0	0	0	0	0	0	0	0	0	0	0	0	0	0	0	0	0
chrM	5p	-	21	195	118	230	239	782	2	7	0	0	0	0	0	0	0	0	0	0	0	0	0	0	0	0	0	0	0
chrM	5p	-	22	191	99	252	240	782	2	1	0	0	0	0	0	0	1	0	0	0	0	0	0	0	0	0	0	0	0
chrM	5p	-	23	194	117	216	255	782	2	6	1	0	0	0	0	0	0	2	0	0	0	0	0	0	0	0	0	0	0
chrM	5p	-	24	208	91	221	262	782	2	8	0	0	0	0	0	0	0	0	0	0	0	0	0	0	0	0	0	0	0
chrM	5p	-	25	191	92	257	242	782	1	2	0	0	0	0	0	0	0	0	0	0	0	0	0	0	0	0	0	0	0
chrM	5p	-	26	194	98	253	237	782	4	3	0	0	0	0	0	0	0	0	0	0	0	0	0	0	0	0	0	0	0
chrM	5p	-	27	183	108	243	248	782	1	5	0	1	0	0	0	0	0	0	0	0	0	0	0	0	0	0	0	0	0
chrM	5p	-	28	202	103	240	237	782	1	6	0	0	0	0	0	2	0	0	0	0	0	0	0	1	0	0	0	0	0
chrM	5p	-	29	193	109	237	243	782	2	6	1	0	0	0	0	0	0	0	0	0	0	0	0	0	0	0	0	0	0
chrM	5p	-	30	196	110	222	254	782	7	4	0	0	0	0	0	0	0	0	0	0	0	0	0	0	0	0	0	0	0
chrM	5p	-	31	216	103	213	250	782	2	6	1	1	0	0	1	0	0	1	0	0	1	0	0	0	0	0	0	0	0
chrM	5p	-	32	180	102	254	246	782	4	9	0	1	0	0	0	0	0	0	0	0	0	0	0	1	0	0	0	0	0
chrM	5p	-	33	196	94	255	237	782	3	2	0	0	0	0	0	0	0	0	0	0	0	0	0	0	0	0	0	0	0
chrM	5p	-	34	194	101	231	256	782	3	5	0	1	0	0	0	0	0	0	0	0	0	0	0	0	0	0	0	0	0
chrM	5p	-	35	178	119	242	243	782	12	8	0	0	0	0	0	0	0	1	0	0	0	0	0	0	0	0	0	0	0
chrM	5p	-	36	180	108	239	255	782	3	1	0	1	0	0	0	0	0	0	0	0	0	0	0	0	0	0	0	0	0
chrM	5p	-	37	191	118	215	258	782	7	3	0	0	0	0	0	0	0	0	0	0	0	0	0	0	0	0	0	0	0
chrM	5p	-	38	197	100	235	250	782	7	2	0	2	0	0	0	0	0	0	1	0	0	0	0	0	0	0	0	0	0
chrM	5p	-	39	191	108	228	255	782	4	1	0	0	0	0	0	0	0	0	0	0	0	0	0	0	0	0	0	0	0
chrM	5p	-	40	186	98	239	259	782	7	5	1	1	0	0	0	1	0	0	1	0	0	0	0	1	0	0	0	0	0
chrM	5p	-	41	195	107	236	244	782	5	4	0	0	0	0	0	2	0	0	0	0	0	0	0	0	0	0	0	0	0
chrM	5p	-	42	181	90	268	241	780	2	5	0	3	0	1	0	0	0	1	0	0	0	0	0	0	0	1	0	0	0
chrM	5p	-	43	206	88	247	241	782	11	2	0	2	0	0	0	0	0	2	0	0	0	0	0	1	0	0	0	0	0
chrM	5p	-	44	188	113	233	248	782	5	1	0	0	0	0	0	0	0	0	0	0	0	0	0	0	0	0	0	0	0
chrM	5p	-	45	174	102	268	238	782	4	4	0	2	0	0	0	0	0	0	0	0	0	0	0	0	0	0	0	0	0
chrM	5p	-	46	173	100	265	244	782	8	2	0	0	0	0	0	0	0	1	0	1	0	0	0	0	0	0	0	0	0
chrM	5p	-	47	194	92	256	240	782	7	1	0	0	0	0	0	0	0	0	0	0	0	0	0	0	0	0	0	0	0
chrM	5p	-	48	184	119	246	233	782	5	2	0	0	0	0	0	0	0	0	0	0	0	0	1	0	0	0	0	0	0
chrM	5p	-	49	200	105	240	237	782	9	2	0	0	0	0	0	0	0	0	0	0	0	0	0	0	0	0	0	0	0
chrM	5p	-	50	204	104	242	232	782	6	1	0	0	0	0	0	0	0	0	0	0	0	0	0	0	0	0	0	0	0
chrM	5p	-	51	190	112	226	254	782	5	3	0	0	0	0	0	0	0	1	0	0	0	0	0	0	0	0	0	0	0
chrM	5p	-	52	197	86	251	248	782	8	3	0	1	0	1	0	0	0	0	1	0	0	0	0	0	0	0	0	0	0
chrM	5p	-	53	189	103	259	231	782	11	5	1	1	0	0	0	0	0	0	0	0	0	0	0	0	0	0	0	0	0
chrM	5p	-	54	192	100	229	261	782	5	2	0	2	0	0	0	0	0	0	0	0	0	0	0	0	0	0	0	0	0
chrM	5p	-	55	207	101	229	245	782	9	3	1	0	0	0	0	0	0	0	0	0	0	1	0	0	0	0	0	0	0
chrM	5p	-	56	198	94	261	229	782	5	5	0	0	0	0	0	0	0	0	0	0	0	0	0	1	0	0	0	0	0
chrM	5p	-	57	175	128	248	231	782	11	2	0	0	0	0	0	0	1	1	0	0	0	1	0	0	0	0	0	0	0
chrM	5p	-	58	184	96	239	263	782	7	4	0	0	0	0	0	0	0	1	0	0	0	0	0	0	0	0	0	0	0
chrM	5p	-	59	187	96	259	240	782	13	4	1	0	0	0	0	0	0	0	1	0	0	0	0	1	0	0	0	0	0
chrM	5p	-	60	190	100	252	240	782	13	3	0	0	1	0	0	0	0	0	1	1	0	0	0	0	0	0	0	0	0
chrM	5p	-	61	179	113	236	253	781	6	4	0	0	0	0	0	0	0	0	0	0	0	0	0	0	0	0	0	0	0
chrM	5p	-	62	184	100	237	260	781	6	3	0	1	0	0	0	0	0	0	0	0	0	0	0	1	0	0	0	0	0
chrM	5p	-	63	199	86	252	245	782	6	2	0	0	0	0	0	0	1	0	0	0	0	0	0	1	0	0	0	0	0
chrM	5p	-	64	194	95	232	261	782	4	1	2	0	0	1	0	0	0	1	0	1	0	0	0	0	0	0	0	0	0
chrM	5p	-	65	197	106	251	227	781	11	2	0	0	0	0	0	0	0	0	0	0	0	0	0	0	0	0	0	1	0
chrM	5p	-	66	188	90	256	248	782	11	2	1	0	0	0	0	1	0	0	0	0	0	2	0	1	0	0	0	0	0
chrM	5p	-	67	221	106	228	226	781	7	6	0	1	0	0	0	0	0	1	0	0	0	0	1	0	0	0	0	0	0
chrM	5p	-	68	186	109	246	240	781	8	0	0	1	0	0	0	1	1	1	1	4	1	0	0	0	0	0	0	1	0
chrM	5p	-	69	172	102	251	256	781	15	0	0	0	0	0	0	0	0	2	3	1	1	0	1	1	0	0	0	1	0
chrM	5p	-	70	203	107	232	236	778	22	3	2	0	0	0	1	2	2	1	0	1	2	0	0	0	3	0	0	1	0
