# table produced by mapDamage version 2.0.3
# using mapped file /ebc_data/cls83/Johns/JDS3_02/J-78/bam/J-78.truncated.aln.chrM_filtered_sort_umr_dedup_readgroups.bam and /ebc_data/cls83/indexes/chrM.fasta as reference file
# Chr: reference from sam/bam header, End: from which termini of DNA sequences, Std: strand of reads
Chr	End	Std	Pos	A	C	G	T	Total	G>A	C>T	A>G	T>C	A>C	A>T	C>G	C>A	T>G	T>A	G>C	G>T	A>-	T>-	C>-	G>-	->A	->T	->C	->G	S
chrM	3p	+	1	112	82	58	93	345	15	9	9	0	0	5	10	24	9	10	0	3	0	0	0	0	0	0	0	0	0
chrM	3p	+	2	133	94	42	76	345	11	1	7	4	2	0	5	24	11	10	1	0	0	0	0	0	0	0	0	0	0
chrM	3p	+	3	103	113	43	86	345	7	5	8	0	1	1	13	11	6	11	0	1	0	0	0	0	0	0	0	0	0
chrM	3p	+	4	105	119	34	87	345	6	1	0	0	0	0	0	16	1	8	0	1	0	0	0	0	0	0	0	0	0
chrM	3p	+	5	101	117	51	76	345	9	0	2	1	0	0	3	0	3	1	0	1	0	0	0	0	0	0	0	0	0
chrM	3p	+	6	101	111	50	79	341	9	0	0	0	0	1	0	0	0	2	0	0	0	1	0	0	4	0	0	0	0
chrM	3p	+	7	108	108	41	87	344	4	2	0	0	1	0	0	2	0	0	0	0	0	1	1	0	1	0	0	0	0
chrM	3p	+	8	106	113	38	88	345	5	2	1	0	0	0	0	0	0	2	0	0	0	2	1	0	0	0	0	0	0
chrM	3p	+	9	121	105	38	81	345	3	0	0	0	0	0	0	0	0	0	0	0	0	0	0	0	0	0	0	0	0
chrM	3p	+	10	113	105	39	88	345	6	2	0	1	0	0	1	0	0	0	0	0	0	0	1	0	0	0	0	0	0
chrM	3p	+	11	100	105	57	83	345	3	4	0	0	0	0	0	0	0	0	0	0	0	0	0	0	0	0	0	0	0
chrM	3p	+	12	104	125	45	70	344	1	4	0	0	0	0	0	0	0	0	0	0	0	0	0	0	1	0	0	0	0
chrM	3p	+	13	108	121	40	76	345	4	3	0	0	0	0	0	0	0	0	0	0	0	0	0	0	0	0	0	0	0
chrM	3p	+	14	106	103	49	87	345	5	3	2	0	0	0	0	0	0	0	0	0	0	0	0	0	0	0	0	0	0
chrM	3p	+	15	114	108	40	83	345	1	3	0	0	0	0	0	1	0	0	0	0	0	0	0	0	0	0	0	0	0
chrM	3p	+	16	102	116	50	77	345	4	2	0	0	0	0	0	0	0	0	0	0	0	0	0	0	0	0	0	0	0
chrM	3p	+	17	102	104	66	73	345	1	3	1	0	0	0	0	0	0	0	0	0	0	0	0	0	0	0	0	0	0
chrM	3p	+	18	94	105	51	95	345	2	0	1	1	0	0	0	0	0	0	0	0	0	0	0	0	0	0	0	0	0
chrM	3p	+	19	92	116	45	92	345	1	2	0	0	0	0	0	1	0	0	0	0	0	0	0	0	0	0	0	0	0
chrM	3p	+	20	109	117	50	69	345	1	4	2	1	0	0	0	0	0	0	0	0	0	0	0	0	0	0	0	0	0
chrM	3p	+	21	96	121	50	78	345	5	1	0	1	0	0	1	0	0	0	0	0	0	0	0	0	0	0	0	0	0
chrM	3p	+	22	107	97	48	93	345	1	0	0	0	0	0	0	0	0	0	0	0	0	0	0	0	0	0	0	0	0
chrM	3p	+	23	100	112	38	95	345	1	3	0	0	0	0	0	1	0	0	0	0	0	0	0	0	0	0	0	0	0
chrM	3p	+	24	111	111	53	70	345	2	3	0	0	0	0	0	0	0	0	0	0	0	0	0	0	0	0	0	0	0
chrM	3p	+	25	102	111	52	80	345	2	1	0	0	0	0	0	0	0	0	0	0	0	0	0	0	0	0	0	0	0
chrM	3p	+	26	100	102	48	95	345	4	1	0	0	0	0	0	0	0	0	0	0	0	0	0	0	0	0	0	0	0
chrM	3p	+	27	106	110	43	86	345	4	3	1	0	0	0	0	0	0	0	0	0	0	0	0	0	0	0	0	0	0
chrM	3p	+	28	124	83	45	93	345	1	2	0	0	0	0	0	0	0	0	0	0	0	0	0	0	0	0	0	0	0
chrM	3p	+	29	94	101	57	93	345	3	1	0	1	0	0	0	0	0	0	0	0	0	0	0	0	0	0	0	0	0
chrM	3p	+	30	103	100	50	92	345	4	4	0	0	0	0	0	0	0	0	0	0	0	0	0	0	0	0	0	0	0
chrM	3p	+	31	112	95	47	91	345	1	2	0	0	0	0	0	0	0	0	0	0	0	0	0	0	0	0	0	0	0
chrM	3p	+	32	118	109	42	76	345	2	6	0	0	0	0	0	0	0	0	0	0	0	0	0	0	0	0	0	0	0
chrM	3p	+	33	119	91	49	86	345	2	3	0	1	0	0	0	0	0	0	0	0	0	0	1	0	0	0	0	0	0
chrM	3p	+	34	107	97	52	89	345	3	2	1	0	0	0	0	0	0	0	0	0	0	0	0	0	0	0	0	0	0
chrM	3p	+	35	110	107	37	90	344	4	2	0	1	0	0	0	0	0	0	0	0	0	0	0	0	1	0	0	0	0
chrM	3p	+	36	108	113	50	74	345	0	2	1	0	0	0	0	0	0	0	0	0	0	0	0	0	0	0	0	0	0
chrM	3p	+	37	104	106	59	76	345	3	3	1	0	0	0	0	1	0	0	0	0	0	0	0	0	0	0	0	0	0
chrM	3p	+	38	116	101	41	87	345	1	4	1	0	0	0	0	0	0	0	0	0	0	0	0	0	0	0	0	0	0
chrM	3p	+	39	111	116	43	75	345	0	1	0	0	0	0	0	0	0	0	0	0	0	0	0	0	0	0	0	0	0
chrM	3p	+	40	121	96	41	87	345	3	5	0	0	0	0	0	0	0	0	0	0	0	0	0	0	0	0	0	0	0
chrM	3p	+	41	112	114	45	74	345	1	3	0	2	0	1	0	0	0	0	0	0	0	0	0	0	0	0	0	0	0
chrM	3p	+	42	98	117	45	85	345	0	1	0	0	0	0	0	0	0	0	0	0	0	0	0	0	0	0	0	0	0
chrM	3p	+	43	106	108	47	84	345	1	1	0	0	0	0	0	0	0	0	0	0	0	0	0	0	0	0	0	0	0
chrM	3p	+	44	102	109	50	84	345	3	4	0	0	0	0	0	0	0	0	0	0	0	0	0	0	0	0	0	0	0
chrM	3p	+	45	108	112	40	85	345	2	1	0	0	0	0	0	0	0	0	0	0	0	0	0	0	0	0	0	0	0
chrM	3p	+	46	100	121	36	88	345	0	3	0	0	0	0	0	0	0	0	0	0	0	0	0	0	0	0	0	0	0
chrM	3p	+	47	115	115	38	77	345	0	0	1	0	0	0	0	0	0	0	0	0	0	0	0	0	0	0	0	0	0
chrM	3p	+	48	85	121	48	91	345	1	4	1	0	0	0	0	0	0	0	0	0	0	1	0	0	0	0	0	0	0
chrM	3p	+	49	104	103	45	93	345	1	2	0	0	0	0	0	0	0	0	0	0	0	0	0	0	0	0	0	0	0
chrM	3p	+	50	106	131	35	73	345	1	2	0	1	0	0	0	0	0	0	0	0	0	0	0	0	0	0	0	0	0
chrM	3p	+	51	103	109	40	93	345	1	1	0	1	0	0	0	0	0	0	0	0	0	0	0	0	0	0	0	0	0
chrM	3p	+	52	111	106	40	88	345	2	3	1	0	0	0	0	0	0	0	0	0	0	0	0	0	0	0	0	0	0
chrM	3p	+	53	112	98	49	86	345	1	0	1	1	0	0	0	0	0	0	0	0	0	0	0	0	0	0	0	0	0
chrM	3p	+	54	94	117	32	102	345	1	1	0	0	0	0	0	0	0	0	0	0	0	0	0	0	0	0	0	0	0
chrM	3p	+	55	95	111	50	89	345	1	1	0	1	0	0	0	1	0	0	0	0	0	0	0	0	0	0	0	0	0
chrM	3p	+	56	101	119	42	83	345	0	2	0	0	0	0	0	0	0	0	0	0	0	0	0	0	0	0	0	0	0
chrM	3p	+	57	99	124	38	84	345	1	3	0	0	0	0	0	0	0	0	0	0	0	0	0	0	0	0	0	0	0
chrM	3p	+	58	91	113	51	90	345	1	1	2	1	0	0	0	0	0	0	0	0	0	0	0	0	0	0	0	0	0
chrM	3p	+	59	123	102	39	81	345	0	4	0	0	0	0	0	0	0	0	0	0	0	0	0	0	0	0	0	0	0
chrM	3p	+	60	108	112	39	86	345	0	3	2	1	0	0	0	0	0	0	0	0	0	0	0	0	0	0	0	0	0
chrM	3p	+	61	97	121	42	85	345	0	4	0	0	0	0	0	0	0	0	0	0	0	0	0	0	0	0	0	0	0
chrM	3p	+	62	114	102	56	73	345	0	5	0	0	0	0	0	0	0	0	0	0	0	0	0	0	0	0	0	0	0
chrM	3p	+	63	93	120	52	80	345	1	4	0	0	0	0	0	0	0	0	0	0	0	0	0	0	0	0	0	0	0
chrM	3p	+	64	106	102	41	96	345	2	1	0	0	0	0	0	0	0	0	0	0	0	0	0	0	0	0	0	0	0
chrM	3p	+	65	111	114	48	72	345	1	3	0	0	0	0	0	0	0	0	0	0	0	0	0	0	0	0	0	0	0
chrM	3p	+	66	110	102	36	97	345	0	8	0	0	0	0	0	1	0	0	0	0	0	0	0	0	0	0	0	0	0
chrM	3p	+	67	106	99	44	96	345	0	7	0	0	0	0	0	0	0	0	0	0	0	0	0	0	0	0	0	0	0
chrM	3p	+	68	109	114	47	75	345	0	6	1	0	0	0	0	0	0	1	0	0	0	0	0	0	0	0	0	0	0
chrM	3p	+	69	105	121	34	84	344	0	6	0	0	0	0	0	1	0	0	0	0	0	0	0	0	0	0	0	0	0
chrM	3p	+	70	95	122	43	85	345	0	6	0	0	0	1	0	0	0	0	0	0	0	0	0	0	0	0	0	0	0
chrM	3p	-	1	82	38	153	124	397	30	5	6	0	0	5	6	16	7	15	0	13	0	0	0	0	0	0	0	0	0
chrM	3p	-	2	108	42	135	112	397	31	0	7	4	3	0	6	6	7	23	1	0	0	0	0	0	0	0	0	0	0
chrM	3p	-	3	90	61	132	114	397	13	1	3	1	3	0	6	6	11	14	2	0	0	0	1	0	0	0	0	0	0
chrM	3p	-	4	103	50	120	123	396	17	1	0	1	1	3	0	10	0	17	1	2	0	0	1	0	0	0	1	0	0
chrM	3p	-	5	96	55	123	122	396	11	1	0	1	0	0	1	2	1	2	0	1	0	0	1	0	0	1	0	0	0
chrM	3p	-	6	100	54	128	113	395	9	0	1	0	0	0	1	2	0	2	0	1	0	1	0	0	2	0	0	0	0
chrM	3p	-	7	88	60	121	124	393	8	1	1	1	0	0	0	1	0	2	0	0	0	0	0	0	3	0	0	1	0
chrM	3p	-	8	94	66	126	110	396	13	0	0	0	0	0	0	0	0	1	0	0	0	0	0	1	0	0	0	1	0
chrM	3p	-	9	106	63	118	110	397	7	0	0	0	0	0	0	0	0	0	0	0	0	2	1	0	0	0	0	0	0
chrM	3p	-	10	98	62	122	115	397	8	1	1	0	0	0	0	1	0	1	0	0	0	0	0	0	0	0	0	0	0
chrM	3p	-	11	99	52	138	108	397	2	2	0	2	0	0	0	0	0	0	0	2	0	0	0	0	0	0	0	0	0
chrM	3p	-	12	109	57	118	113	397	7	3	0	0	0	0	0	0	0	0	0	0	0	0	0	0	0	0	0	0	0
chrM	3p	-	13	102	47	127	121	397	4	1	1	0	0	0	0	1	0	0	0	0	0	0	0	0	0	0	0	0	0
chrM	3p	-	14	103	52	129	113	397	3	2	0	2	0	0	0	0	0	0	0	0	0	0	0	0	0	0	0	0	0
chrM	3p	-	15	105	54	123	115	397	5	4	0	2	0	0	0	0	0	0	0	0	0	0	0	0	0	0	0	0	0
chrM	3p	-	16	106	55	121	115	397	7	1	0	0	0	0	0	0	0	0	0	0	0	0	0	0	0	0	0	0	0
chrM	3p	-	17	97	50	139	111	397	6	0	0	1	0	0	0	1	0	0	0	0	0	0	0	0	0	0	0	0	0
chrM	3p	-	18	114	44	117	122	397	2	0	0	0	0	0	0	0	0	0	0	0	0	0	0	0	0	0	0	0	0
chrM	3p	-	19	107	41	129	120	397	5	0	0	1	0	0	0	0	0	0	0	0	0	0	0	0	0	0	0	0	0
chrM	3p	-	20	92	44	130	131	397	6	2	0	1	0	0	0	1	0	1	0	0	0	0	0	0	0	0	0	0	0
chrM	3p	-	21	108	58	111	120	397	5	2	1	1	0	0	0	0	0	0	0	0	0	0	0	0	0	0	0	0	0
chrM	3p	-	22	100	44	131	122	397	3	2	0	0	0	0	0	0	0	0	0	0	0	0	0	1	0	0	0	0	0
chrM	3p	-	23	103	62	129	102	396	5	4	0	0	0	0	0	0	0	0	0	0	0	0	0	0	0	0	0	0	0
chrM	3p	-	24	91	50	134	122	397	3	1	0	1	0	0	0	0	0	0	0	0	0	0	0	0	0	0	0	0	0
chrM	3p	-	25	101	43	116	137	397	7	3	0	0	0	0	0	0	0	0	0	0	0	0	0	0	0	0	0	0	0
chrM	3p	-	26	106	52	109	130	397	2	5	2	0	0	0	0	0	0	0	0	0	0	0	0	0	0	0	0	0	0
chrM	3p	-	27	100	59	106	132	397	6	4	0	0	0	0	0	0	0	0	0	0	0	0	0	0	0	0	0	0	0
chrM	3p	-	28	90	57	123	127	397	3	6	0	1	0	0	0	0	0	1	0	0	0	0	0	0	0	0	0	0	0
chrM	3p	-	29	96	68	121	112	397	5	2	0	0	0	0	0	0	0	0	0	0	0	0	0	0	0	0	0	0	0
chrM	3p	-	30	97	61	103	136	397	4	2	0	1	0	0	0	0	0	0	1	0	0	0	0	0	0	0	0	0	0
chrM	3p	-	31	109	52	129	107	397	6	3	1	1	0	0	0	0	1	0	0	0	0	0	0	0	0	0	0	0	0
chrM	3p	-	32	109	54	122	112	397	2	3	0	0	0	0	0	0	0	0	0	0	0	0	0	0	0	0	0	0	0
chrM	3p	-	33	94	64	123	116	397	1	1	0	1	0	0	0	0	0	0	1	0	0	0	0	0	0	0	0	0	0
chrM	3p	-	34	86	50	126	135	397	4	1	2	0	0	0	0	0	0	0	0	0	0	0	0	0	0	0	0	0	0
chrM	3p	-	35	108	53	130	106	397	1	0	0	0	0	0	0	0	0	0	0	0	0	0	0	0	0	0	0	0	0
chrM	3p	-	36	98	63	133	103	397	2	3	0	0	0	0	0	0	0	0	0	0	0	0	0	0	0	0	0	0	0
chrM	3p	-	37	95	52	130	119	396	5	4	0	2	0	0	0	0	0	0	0	0	0	0	0	0	0	1	0	0	0
chrM	3p	-	38	87	65	122	122	396	4	3	0	0	0	0	0	0	0	0	0	0	0	0	0	0	0	1	0	0	0
chrM	3p	-	39	89	60	124	124	397	3	2	0	0	0	0	0	0	0	0	0	0	0	0	0	0	0	0	0	0	0
chrM	3p	-	40	97	54	120	125	396	2	3	0	0	0	0	0	0	0	0	0	0	0	0	0	0	0	1	0	0	0
chrM	3p	-	41	93	52	119	133	397	5	5	0	0	0	0	0	0	0	0	0	0	0	0	0	0	0	0	0	0	0
chrM	3p	-	42	107	52	115	123	397	1	3	0	0	0	0	0	0	0	0	0	0	0	0	0	0	0	0	0	0	0
chrM	3p	-	43	90	63	128	116	397	3	3	0	1	0	0	0	1	0	0	0	0	0	0	0	1	0	0	0	0	0
chrM	3p	-	44	85	56	123	132	396	4	2	0	0	0	0	0	0	0	0	0	0	0	0	0	0	0	0	0	0	0
chrM	3p	-	45	99	51	130	117	397	0	2	0	2	0	0	0	0	0	0	0	0	0	0	0	0	0	0	0	0	0
chrM	3p	-	46	96	51	116	134	397	3	1	0	0	0	0	0	0	0	0	0	0	0	0	0	0	0	0	0	0	0
chrM	3p	-	47	83	75	113	126	397	1	4	0	1	0	0	0	0	0	0	0	0	0	0	0	0	0	0	0	0	0
chrM	3p	-	48	103	49	131	114	397	0	4	0	1	0	0	0	0	0	0	0	0	0	0	0	0	0	0	0	0	0
chrM	3p	-	49	95	57	112	133	397	2	3	0	2	0	0	0	0	0	0	0	0	0	0	0	0	0	0	0	0	0
chrM	3p	-	50	97	51	129	120	397	2	3	0	1	0	0	0	0	0	0	0	0	0	0	0	0	0	0	0	0	0
chrM	3p	-	51	100	63	116	118	397	1	5	0	0	0	0	0	0	0	0	0	0	0	0	0	0	0	0	0	0	0
chrM	3p	-	52	98	52	117	130	397	0	0	0	0	0	0	0	0	0	1	0	0	0	0	0	0	0	0	0	0	0
chrM	3p	-	53	106	55	116	120	397	3	0	0	0	0	0	0	0	0	0	0	0	0	0	0	0	0	0	0	0	0
chrM	3p	-	54	100	61	110	126	397	0	1	1	0	0	0	0	0	0	0	0	0	0	0	0	0	0	0	0	0	0
chrM	3p	-	55	113	45	122	117	397	0	1	0	0	0	1	0	0	0	0	0	0	0	0	0	0	0	0	0	0	0
chrM	3p	-	56	106	51	126	114	397	2	4	0	2	0	0	0	0	0	0	0	0	0	0	0	0	0	0	0	0	0
chrM	3p	-	57	111	53	118	115	397	2	1	0	1	0	0	0	0	0	0	0	0	0	0	0	0	0	0	0	0	0
chrM	3p	-	58	82	57	135	123	397	1	1	0	0	0	0	0	0	0	0	0	0	0	0	0	0	0	0	0	0	0
chrM	3p	-	59	98	51	136	112	397	1	1	0	1	0	0	0	0	0	0	0	0	0	0	0	0	0	0	0	0	0
chrM	3p	-	60	95	64	109	129	397	2	0	0	0	0	0	0	0	0	0	0	0	0	0	0	0	0	0	0	0	0
chrM	3p	-	61	126	44	104	123	397	0	2	0	1	0	0	0	0	0	0	0	0	0	0	0	0	0	0	0	0	0
chrM	3p	-	62	86	56	133	122	397	2	2	0	0	0	0	0	0	0	0	0	0	0	0	0	0	0	0	0	0	0
chrM	3p	-	63	79	57	133	128	397	1	1	0	2	0	0	0	0	0	1	0	0	0	0	0	0	0	0	0	0	0
chrM	3p	-	64	104	55	101	137	397	2	1	0	1	0	0	0	0	0	0	0	0	0	0	0	0	0	0	0	0	0
chrM	3p	-	65	88	64	134	111	397	5	7	0	1	0	0	0	0	0	0	0	0	0	0	0	0	0	0	0	0	0
chrM	3p	-	66	79	52	143	123	397	2	2	0	0	0	0	0	0	0	0	0	0	0	0	0	1	0	0	0	0	0
chrM	3p	-	67	98	63	115	120	396	0	3	0	0	0	0	0	0	0	0	0	0	0	0	0	0	0	0	0	0	0
chrM	3p	-	68	99	48	126	124	397	2	2	0	0	0	0	0	0	0	0	0	0	0	0	0	0	0	0	0	0	0
chrM	3p	-	69	97	62	115	123	397	2	3	0	0	0	0	0	0	0	0	0	0	0	0	0	0	0	0	0	0	0
chrM	3p	-	70	87	58	128	124	397	2	5	0	0	0	0	0	0	0	0	0	0	0	0	0	0	0	0	0	0	0
chrM	5p	+	1	94	111	50	90	345	0	23	1	0	0	0	0	0	0	0	0	0	0	0	0	0	0	0	0	0	0
chrM	5p	+	2	101	108	39	97	345	0	17	0	0	0	0	0	0	0	0	0	0	0	0	0	0	0	0	0	0	0
chrM	5p	+	3	126	91	39	89	345	1	13	0	0	0	0	0	1	0	0	0	0	0	0	0	0	0	0	0	0	0
chrM	5p	+	4	102	105	50	88	345	1	4	0	0	0	0	0	0	0	0	0	0	0	0	0	0	0	0	0	0	0
chrM	5p	+	5	106	109	40	90	345	0	11	0	0	0	0	0	0	0	0	0	0	0	0	0	0	0	0	0	0	0
chrM	5p	+	6	103	108	48	86	345	0	5	0	0	0	0	0	0	0	0	0	0	0	0	0	0	0	0	0	0	0
chrM	5p	+	7	100	132	36	77	345	0	4	0	0	0	1	0	1	0	0	0	0	0	0	0	0	0	0	0	0	0
chrM	5p	+	8	102	122	41	79	344	0	7	0	0	0	0	0	0	0	0	0	0	0	0	0	0	0	0	0	0	0
chrM	5p	+	9	115	95	42	93	345	0	4	1	0	0	0	0	0	0	1	0	0	0	0	0	0	0	0	0	0	0
chrM	5p	+	10	102	107	46	90	345	0	9	0	0	0	0	0	0	0	0	0	0	0	0	0	0	0	0	0	0	0
chrM	5p	+	11	116	107	42	80	345	0	7	0	0	0	0	0	1	0	0	0	0	0	0	0	0	0	0	0	0	0
chrM	5p	+	12	103	107	42	93	345	2	1	0	0	0	0	0	0	0	0	0	0	0	0	0	0	0	0	0	0	0
chrM	5p	+	13	100	109	55	81	345	2	3	0	0	0	0	0	0	0	0	0	0	0	0	0	0	0	0	0	0	0
chrM	5p	+	14	109	119	41	76	345	0	5	0	0	0	0	0	0	0	0	0	0	0	0	0	0	0	0	0	0	0
chrM	5p	+	15	103	114	54	74	345	0	5	0	0	0	0	0	0	0	0	0	0	0	0	0	0	0	0	0	0	0
chrM	5p	+	16	104	105	40	96	345	0	2	0	0	0	0	0	0	0	0	0	0	0	0	0	0	0	0	0	0	0
chrM	5p	+	17	105	114	45	81	345	0	5	2	1	0	0	0	0	0	0	0	0	0	0	0	0	0	0	0	0	0
chrM	5p	+	18	116	97	39	93	345	0	2	1	0	0	0	0	0	0	0	0	0	0	0	0	0	0	0	0	0	0
chrM	5p	+	19	92	119	50	84	345	1	1	1	1	0	0	0	0	0	0	0	0	0	0	0	0	0	0	0	0	0
chrM	5p	+	20	104	127	40	74	345	2	2	0	0	0	0	0	0	0	0	0	0	0	0	0	0	0	0	0	0	0
chrM	5p	+	21	104	118	38	85	345	0	2	0	0	0	0	0	0	0	0	0	0	0	0	0	0	0	0	0	0	0
chrM	5p	+	22	94	111	53	87	345	1	1	0	1	0	0	0	1	0	0	0	0	0	0	0	0	0	0	0	0	0
chrM	5p	+	23	90	111	37	107	345	1	1	0	1	0	0	0	0	0	0	0	0	0	0	0	0	0	0	0	0	0
chrM	5p	+	24	111	101	37	96	345	0	1	2	0	0	0	0	0	0	0	0	0	0	0	0	0	0	0	0	0	0
chrM	5p	+	25	117	99	43	86	345	2	4	0	0	0	0	0	0	0	0	0	0	0	0	0	0	0	0	0	0	0
chrM	5p	+	26	102	131	36	76	345	1	0	0	1	0	0	0	0	0	0	0	0	0	0	0	0	0	0	0	0	0
chrM	5p	+	27	104	119	41	81	345	1	3	0	1	0	0	0	0	0	0	0	0	0	0	0	0	0	0	0	0	0
chrM	5p	+	28	90	110	44	101	345	1	2	1	0	0	0	0	0	0	0	0	0	0	1	0	0	0	0	0	0	0
chrM	5p	+	29	105	113	41	86	345	1	2	1	0	0	0	0	0	0	0	0	0	0	0	0	0	0	0	0	0	0
chrM	5p	+	30	108	120	45	72	345	1	2	0	0	0	0	0	0	0	0	0	0	0	0	0	0	0	0	0	0	0
chrM	5p	+	31	95	117	40	93	345	0	2	0	0	0	0	0	0	0	0	0	0	0	0	0	0	0	0	0	0	0
chrM	5p	+	32	111	110	38	86	345	1	1	0	0	0	0	0	0	0	0	0	0	0	0	0	0	0	0	0	0	0
chrM	5p	+	33	100	108	47	90	345	4	3	0	0	0	0	0	0	0	0	0	0	0	0	0	0	0	0	0	0	0
chrM	5p	+	34	102	116	47	80	345	0	3	0	0	0	0	0	0	0	0	0	0	0	0	0	0	0	0	0	0	0
chrM	5p	+	35	112	107	42	84	345	0	2	0	0	0	0	0	0	0	0	0	0	0	0	0	0	0	0	0	0	0
chrM	5p	+	36	112	108	48	77	345	3	3	0	2	0	1	0	0	0	0	0	0	0	0	0	0	0	0	0	0	0
chrM	5p	+	37	124	104	43	74	345	1	2	0	0	0	0	0	0	0	0	0	0	0	0	0	0	0	0	0	0	0
chrM	5p	+	38	111	115	41	78	345	0	4	0	0	0	0	0	0	0	0	0	0	0	0	0	0	0	0	0	0	0
chrM	5p	+	39	115	102	46	82	345	1	3	2	0	0	0	0	0	0	0	0	0	0	0	0	0	0	0	0	0	0
chrM	5p	+	40	106	107	56	76	345	3	3	1	0	0	0	0	1	0	0	0	0	0	0	0	0	0	0	0	0	0
chrM	5p	+	41	103	104	52	86	345	1	2	0	1	0	0	0	0	0	0	0	0	0	0	0	0	0	0	0	0	0
chrM	5p	+	42	116	109	36	83	344	4	1	0	0	0	0	0	0	0	0	0	0	0	0	0	0	1	0	0	0	0
chrM	5p	+	43	103	99	56	87	345	3	3	1	0	0	0	0	0	0	0	0	0	0	0	0	0	0	0	0	0	0
chrM	5p	+	44	108	99	41	97	345	1	4	0	1	0	0	0	0	0	0	0	0	0	0	0	0	0	0	0	0	0
chrM	5p	+	45	134	98	44	69	345	3	5	0	0	0	0	0	0	0	0	0	0	0	0	1	0	0	0	0	0	0
chrM	5p	+	46	100	101	46	98	345	3	2	0	0	0	0	0	0	0	0	0	0	0	0	0	0	0	0	0	0	0
chrM	5p	+	47	92	108	51	94	345	2	3	0	0	0	0	0	0	0	0	0	0	0	0	0	0	0	0	0	0	0
chrM	5p	+	48	99	92	58	96	345	4	2	0	1	0	0	0	0	0	0	0	0	0	0	0	0	0	0	0	0	0
chrM	5p	+	49	125	91	42	87	345	2	2	0	0	0	0	0	0	0	0	0	0	0	0	0	0	0	0	0	0	0
chrM	5p	+	50	106	109	46	84	345	2	1	1	0	0	0	0	0	0	0	0	0	0	0	0	0	0	0	0	0	0
chrM	5p	+	51	111	92	53	89	345	5	1	0	0	0	0	0	0	0	0	0	0	0	0	0	0	0	0	0	0	0
chrM	5p	+	52	106	113	48	78	345	2	1	0	0	0	0	0	0	0	0	0	0	0	0	0	0	0	0	0	0	0
chrM	5p	+	53	95	114	54	82	345	1	3	0	0	0	0	0	0	0	0	0	0	0	0	0	0	0	0	0	0	0
chrM	5p	+	54	105	120	39	81	345	0	3	0	0	0	0	0	1	0	0	0	0	0	0	0	0	0	0	0	0	0
chrM	5p	+	55	104	96	42	103	345	2	0	0	0	0	0	0	0	0	0	0	0	0	0	0	0	0	0	0	0	0
chrM	5p	+	56	99	124	51	71	345	4	4	0	2	0	0	1	0	0	0	0	0	0	0	0	0	0	0	0	0	0
chrM	5p	+	57	99	116	55	75	345	2	2	2	0	0	0	0	0	0	0	0	0	0	0	0	0	0	0	0	0	0
chrM	5p	+	58	89	112	47	97	345	1	1	0	0	0	0	0	1	0	0	0	0	0	0	0	0	0	0	0	0	0
chrM	5p	+	59	111	98	50	86	345	2	2	1	1	0	0	0	0	0	0	0	0	0	0	0	0	0	0	0	0	0
chrM	5p	+	60	103	109	64	69	345	1	2	1	0	0	0	0	0	0	0	0	0	0	0	0	0	0	0	0	0	0
chrM	5p	+	61	93	119	49	84	345	3	2	0	0	0	0	0	0	0	0	0	0	0	0	0	0	0	0	0	0	0
chrM	5p	+	62	120	105	40	80	345	1	3	1	0	0	0	0	1	0	0	0	0	0	0	0	0	0	0	0	0	0
chrM	5p	+	63	110	101	47	87	345	5	4	1	0	0	0	0	0	0	0	0	0	0	0	0	0	0	0	0	0	0
chrM	5p	+	64	99	124	43	79	345	5	3	0	0	0	0	0	0	0	0	0	0	0	0	0	0	0	0	0	0	0
chrM	5p	+	65	104	122	43	75	344	0	5	0	0	0	0	0	0	0	0	0	0	0	0	0	0	1	0	0	0	0
chrM	5p	+	66	97	109	59	80	345	6	3	0	0	0	0	0	0	0	0	0	0	0	0	0	0	0	0	0	0	0
chrM	5p	+	67	131	96	34	84	345	3	0	0	1	0	0	1	0	0	0	0	0	0	0	0	0	0	0	0	0	0
chrM	5p	+	68	112	107	39	87	345	4	2	0	0	0	0	0	0	0	1	0	0	0	0	1	0	0	0	0	0	0
chrM	5p	+	69	101	109	47	88	345	6	1	1	0	0	0	0	0	0	1	0	0	0	1	0	0	0	0	0	0	0
chrM	5p	+	70	106	125	38	75	344	3	1	1	0	1	0	0	2	0	0	0	0	0	1	1	0	1	0	0	0	0
chrM	5p	-	1	76	56	132	133	397	1	17	1	0	0	0	0	0	0	0	0	0	0	0	0	0	0	0	0	0	0
chrM	5p	-	2	96	44	125	132	397	0	9	0	1	0	0	0	1	0	0	0	0	0	0	0	0	0	0	0	0	0
chrM	5p	-	3	107	52	108	130	397	1	8	0	1	0	0	0	0	0	0	0	0	0	0	0	0	0	0	0	0	0
chrM	5p	-	4	115	60	109	113	397	0	5	1	0	0	0	0	0	0	0	0	0	0	0	0	0	0	0	0	0	0
chrM	5p	-	5	100	40	141	116	397	0	2	2	0	0	0	0	0	0	0	0	0	0	0	0	0	0	0	0	0	0
chrM	5p	-	6	98	60	118	121	397	1	4	0	0	0	0	0	0	0	0	0	0	0	0	0	0	0	0	0	0	0
chrM	5p	-	7	88	56	124	129	397	2	6	0	0	0	0	0	0	0	0	0	0	0	0	0	0	0	0	0	0	0
chrM	5p	-	8	97	61	114	125	397	2	3	0	1	0	0	0	0	0	0	0	0	0	0	0	0	0	0	0	0	0
chrM	5p	-	9	103	49	118	127	397	2	2	0	0	0	0	0	0	0	0	0	0	0	0	0	0	0	0	0	0	0
chrM	5p	-	10	100	66	123	107	396	0	2	0	0	0	0	0	0	0	0	0	0	0	0	0	0	0	0	0	0	0
chrM	5p	-	11	69	52	148	128	397	5	3	0	1	0	0	0	0	0	0	0	0	0	0	0	1	0	0	0	0	0
chrM	5p	-	12	95	56	131	115	397	3	6	0	0	0	0	0	0	0	0	0	0	0	0	0	0	0	0	0	0	0
chrM	5p	-	13	99	55	107	136	397	2	0	0	1	0	0	0	0	0	0	0	0	0	0	0	0	0	0	0	0	0
chrM	5p	-	14	81	57	135	124	397	1	2	0	1	0	0	0	0	0	1	0	0	0	0	0	0	0	0	0	0	0
chrM	5p	-	15	91	54	130	122	397	1	3	0	0	0	0	0	0	0	0	0	0	0	0	0	0	0	0	0	0	0
chrM	5p	-	16	118	55	99	125	397	0	1	0	1	0	0	0	0	0	0	0	0	0	0	0	0	0	0	0	0	0
chrM	5p	-	17	97	55	119	126	397	2	0	0	0	0	0	0	0	0	0	0	0	0	0	0	0	0	0	0	0	0
chrM	5p	-	18	95	54	134	114	397	1	1	0	2	0	0	0	0	0	0	0	0	0	0	0	0	0	0	0	0	0
chrM	5p	-	19	87	57	127	126	397	1	1	0	0	0	0	0	0	0	0	0	0	0	0	0	0	0	0	0	0	0
chrM	5p	-	20	116	55	115	111	397	3	1	0	0	0	0	0	0	0	0	0	0	0	0	0	0	0	0	0	0	0
chrM	5p	-	21	116	45	123	113	397	1	4	0	2	0	0	0	0	0	0	0	0	0	0	0	0	0	0	0	0	0
chrM	5p	-	22	98	53	128	118	397	0	1	0	0	0	1	0	0	0	0	0	0	0	0	0	0	0	0	0	0	0
chrM	5p	-	23	102	60	109	126	397	2	1	1	1	0	0	0	0	0	0	0	0	0	0	0	0	0	0	0	0	0
chrM	5p	-	24	117	51	104	125	397	1	0	0	0	0	0	0	0	0	1	0	0	0	0	0	0	0	0	0	0	0
chrM	5p	-	25	87	60	126	124	397	0	1	0	0	0	0	0	0	0	0	0	0	0	0	0	0	0	0	0	0	0
chrM	5p	-	26	98	55	122	122	397	1	5	0	0	0	0	0	0	0	0	0	0	0	0	0	0	0	0	0	0	0
chrM	5p	-	27	100	48	126	123	397	2	3	0	0	0	0	0	0	0	0	0	0	0	0	0	0	0	0	0	0	0
chrM	5p	-	28	93	61	114	129	397	2	3	0	2	0	0	0	0	0	0	0	0	0	0	0	0	0	0	0	0	0
chrM	5p	-	29	108	46	130	113	397	0	4	0	1	0	0	0	0	0	0	0	0	0	0	0	0	0	0	0	0	0
chrM	5p	-	30	79	74	121	123	397	1	3	0	1	0	0	0	0	0	0	0	0	0	0	0	0	0	0	0	0	0
chrM	5p	-	31	96	56	107	138	397	3	1	0	0	0	0	0	0	0	0	0	0	0	0	0	0	0	0	0	0	0
chrM	5p	-	32	95	54	139	109	397	0	3	0	3	0	0	0	0	0	0	0	0	0	0	0	0	0	0	0	0	0
chrM	5p	-	33	93	57	116	131	397	4	3	0	0	0	0	0	0	0	0	0	0	0	0	0	0	0	0	0	0	0
chrM	5p	-	34	94	57	120	125	396	3	3	0	0	0	0	0	1	0	0	0	0	0	0	0	0	0	0	0	0	0
chrM	5p	-	35	97	50	123	127	397	1	4	0	0	0	0	0	0	0	0	0	0	0	0	0	1	0	0	0	0	0
chrM	5p	-	36	96	56	116	128	396	5	3	0	0	0	0	0	0	0	0	0	0	0	0	0	0	0	1	0	0	0
chrM	5p	-	37	89	55	122	131	397	2	3	0	0	0	0	0	0	0	0	0	0	0	0	0	0	0	0	0	0	0
chrM	5p	-	38	87	61	128	121	397	4	4	0	1	0	0	0	0	0	0	0	0	0	0	0	0	0	0	0	0	0
chrM	5p	-	39	99	63	118	116	396	3	2	0	0	0	0	0	0	0	0	0	0	0	0	0	0	0	1	0	0	0
chrM	5p	-	40	94	49	128	125	396	5	2	0	1	0	0	0	0	0	0	0	0	0	0	0	0	0	1	0	0	0
chrM	5p	-	41	98	64	141	94	397	2	3	0	0	0	0	0	0	0	0	0	0	0	0	0	0	0	0	0	0	0
chrM	5p	-	42	101	59	130	107	397	2	2	0	0	0	0	0	0	0	0	0	0	0	0	0	0	0	0	0	0	0
chrM	5p	-	43	87	52	119	139	397	4	0	2	0	0	0	0	0	0	0	0	0	0	0	0	0	0	0	0	0	0
chrM	5p	-	44	98	56	127	116	397	0	1	0	1	0	0	0	0	0	0	1	0	0	0	0	0	0	0	0	0	0
chrM	5p	-	45	115	52	117	113	397	3	5	0	0	0	0	0	0	1	0	0	0	0	0	0	0	0	0	0	0	0
chrM	5p	-	46	103	58	129	107	397	7	0	1	1	0	0	0	0	0	0	0	0	0	0	0	0	0	0	0	0	0
chrM	5p	-	47	103	59	104	131	397	3	3	0	1	0	0	0	0	0	0	1	0	0	0	0	0	0	0	0	0	0
chrM	5p	-	48	95	69	120	113	397	5	2	0	0	0	0	0	0	0	0	0	0	0	0	0	0	0	0	0	0	0
chrM	5p	-	49	89	55	121	132	397	4	6	0	1	0	0	0	0	0	1	0	0	0	0	0	0	0	0	0	0	0
chrM	5p	-	50	102	53	110	132	397	7	4	0	0	0	0	0	0	0	0	0	0	0	0	0	0	0	0	0	0	0
chrM	5p	-	51	100	54	118	125	397	2	4	2	0	0	0	0	0	0	0	0	0	0	0	0	0	0	0	0	0	0
chrM	5p	-	52	102	50	112	133	397	5	4	0	0	0	0	0	0	0	0	0	0	0	0	0	0	0	0	0	0	0
chrM	5p	-	53	95	49	130	123	397	3	0	0	1	0	0	0	0	0	0	0	0	0	0	0	0	0	0	0	0	0
chrM	5p	-	54	98	62	131	106	397	4	5	0	0	0	0	0	0	0	0	0	0	0	0	0	0	0	0	0	0	0
chrM	5p	-	55	99	44	131	122	396	5	2	0	1	0	0	0	0	0	0	0	0	0	0	0	0	0	0	0	0	0
chrM	5p	-	56	113	54	113	117	397	6	1	1	0	0	0	0	0	0	0	0	0	0	0	0	1	0	0	0	0	0
chrM	5p	-	57	96	44	124	133	397	5	2	0	1	0	0	0	1	0	1	0	0	0	0	0	0	0	0	0	0	0
chrM	5p	-	58	109	40	129	119	397	3	0	0	1	0	0	0	0	0	0	0	0	0	0	0	0	0	0	0	0	0
chrM	5p	-	59	101	49	124	123	397	2	1	0	0	0	0	0	0	0	0	0	0	0	0	0	0	0	0	0	0	0
chrM	5p	-	60	105	49	133	110	397	6	0	0	1	0	0	0	1	0	0	0	0	0	0	0	0	0	0	0	0	0
chrM	5p	-	61	102	56	120	119	397	9	0	0	0	0	0	0	0	0	0	0	0	0	0	0	0	0	0	0	0	0
chrM	5p	-	62	107	55	120	115	397	4	4	0	2	0	0	0	0	0	0	0	0	0	0	0	0	0	0	0	0	0
chrM	5p	-	63	105	46	138	108	397	3	2	0	2	0	0	0	0	0	0	0	0	0	0	0	0	0	0	0	0	0
chrM	5p	-	64	100	55	125	117	397	3	1	1	0	0	0	0	1	0	0	0	0	0	0	0	0	0	0	0	0	0
chrM	5p	-	65	109	52	117	119	397	8	3	0	0	0	0	0	0	0	0	0	0	0	0	0	0	0	0	0	0	0
chrM	5p	-	66	103	50	139	105	397	6	2	1	1	0	0	0	1	0	1	0	2	0	0	0	0	0	0	0	0	0
chrM	5p	-	67	89	64	122	122	397	7	1	0	1	0	0	0	0	0	1	0	0	0	0	0	0	0	0	0	0	0
chrM	5p	-	68	102	61	116	118	397	6	0	0	0	0	0	0	0	0	0	0	0	0	0	0	0	0	0	0	0	0
chrM	5p	-	69	98	70	124	105	397	10	0	0	0	0	0	0	0	0	1	0	0	0	2	1	0	0	0	0	0	0
chrM	5p	-	70	95	59	121	118	393	10	1	1	1	0	0	0	1	0	1	0	0	0	0	0	1	2	0	0	2	0
