# table produced by mapDamage version 2.0.3
# using mapped file /ebc_data/cls83/Johns/JDS3_02/J-83/bam/J-83.truncated.aln.chrM_filtered_sort_umr_dedup_readgroups.bam and /ebc_data/cls83/indexes/chrM.fasta as reference file
# Chr: reference from sam/bam header, End: from which termini of DNA sequences, Std: strand of reads
Chr	End	Std	Pos	A	C	G	T	Total	G>A	C>T	A>G	T>C	A>C	A>T	C>G	C>A	T>G	T>A	G>C	G>T	A>-	T>-	C>-	G>-	->A	->T	->C	->G	S
chrM	3p	+	1	345	162	161	231	899	13	21	21	0	0	26	23	40	24	19	0	10	0	0	0	0	0	0	0	0	0
chrM	3p	+	2	292	250	136	220	898	21	4	16	1	2	0	19	53	10	33	3	0	0	0	0	0	0	0	0	0	0
chrM	3p	+	3	274	284	115	226	899	10	10	19	3	3	4	28	24	25	14	0	0	0	1	0	0	0	0	0	0	0
chrM	3p	+	4	277	311	100	210	898	23	4	1	1	3	1	0	50	0	25	0	2	0	0	0	0	1	0	0	0	0
chrM	3p	+	5	274	294	127	202	897	11	2	1	1	0	2	8	3	2	1	0	1	0	0	0	0	2	0	0	0	0
chrM	3p	+	6	281	264	151	196	892	10	7	3	0	0	0	5	2	1	4	0	0	0	0	0	0	6	0	0	1	0
chrM	3p	+	7	292	268	116	219	895	6	3	2	0	0	0	1	3	0	1	0	0	1	1	2	0	4	0	0	0	0
chrM	3p	+	8	263	275	141	219	898	4	5	0	0	0	0	0	1	0	1	0	1	1	1	2	0	1	0	0	0	0
chrM	3p	+	9	283	274	122	219	898	4	5	0	0	0	0	0	0	0	0	0	0	0	0	0	0	1	0	0	0	0
chrM	3p	+	10	295	274	118	212	899	9	2	0	0	0	1	1	4	0	0	1	0	0	0	0	0	0	0	0	0	0
chrM	3p	+	11	286	256	139	217	898	4	2	0	0	0	0	0	1	0	1	0	0	0	0	0	0	1	0	0	0	0
chrM	3p	+	12	306	268	114	211	899	6	4	0	0	0	0	0	0	0	2	0	0	0	0	0	0	0	0	0	0	0
chrM	3p	+	13	260	278	124	237	899	10	1	1	0	0	0	0	1	1	0	0	0	0	0	0	0	0	0	0	0	0
chrM	3p	+	14	279	276	108	236	899	5	5	0	1	0	0	1	0	0	2	0	1	0	0	0	0	0	0	0	0	0
chrM	3p	+	15	288	285	108	218	899	5	2	0	1	0	1	0	1	0	1	0	0	0	0	0	0	0	0	0	0	0
chrM	3p	+	16	278	290	119	211	898	4	5	0	1	1	0	1	0	1	0	1	0	0	0	0	0	0	0	1	0	0
chrM	3p	+	17	266	267	142	224	899	12	3	0	0	0	0	0	0	0	0	0	0	0	0	0	0	0	0	0	0	0
chrM	3p	+	18	271	273	127	228	899	6	8	0	0	0	0	0	0	0	0	0	0	0	0	0	0	0	0	0	0	0
chrM	3p	+	19	285	277	100	237	899	5	4	1	0	0	0	0	2	0	1	0	0	0	0	0	0	0	0	0	0	0
chrM	3p	+	20	250	285	128	236	899	3	5	1	0	0	0	0	1	0	0	0	0	0	0	0	0	0	0	0	0	0
chrM	3p	+	21	275	280	129	215	899	13	2	1	0	0	0	0	2	0	2	0	0	0	0	0	0	0	0	0	0	0
chrM	3p	+	22	287	294	118	200	899	9	3	0	0	0	0	0	0	0	0	0	0	0	0	0	0	0	0	0	0	0
chrM	3p	+	23	259	293	115	232	899	4	4	0	0	0	0	0	1	0	0	0	0	0	0	0	0	0	0	0	0	0
chrM	3p	+	24	298	265	110	226	899	5	7	0	1	0	0	0	0	1	0	0	0	0	0	0	0	0	0	0	0	0
chrM	3p	+	25	291	283	123	201	898	4	10	0	0	0	2	1	0	0	0	0	0	0	0	0	0	0	0	0	0	0
chrM	3p	+	26	270	255	137	237	899	3	3	1	1	0	0	1	1	0	1	1	0	0	0	1	0	0	0	0	0	0
chrM	3p	+	27	274	266	126	232	898	4	5	1	0	0	0	0	1	0	0	0	0	0	0	0	0	0	1	0	0	0
chrM	3p	+	28	281	291	111	216	899	5	5	2	1	0	0	0	0	0	0	2	0	0	0	0	0	0	0	0	0	0
chrM	3p	+	29	279	249	111	260	899	6	9	0	0	0	0	0	1	0	0	0	0	0	0	0	0	0	0	0	0	0
chrM	3p	+	30	283	280	108	227	898	7	10	1	0	0	1	0	1	0	2	0	0	0	0	0	0	0	1	0	0	0
chrM	3p	+	31	269	282	113	235	899	5	9	0	0	0	0	0	1	0	3	0	0	0	0	0	0	0	0	0	0	0
chrM	3p	+	32	303	288	106	202	899	5	9	0	0	1	0	0	1	0	0	0	0	0	0	0	0	0	0	0	0	0
chrM	3p	+	33	259	282	131	227	899	4	3	0	0	0	0	0	0	0	0	0	0	0	0	0	0	0	0	0	0	0
chrM	3p	+	34	282	274	112	231	899	7	7	0	0	1	0	0	0	0	0	0	0	0	0	0	0	0	0	0	0	0
chrM	3p	+	35	278	280	104	237	899	1	3	1	0	0	0	0	0	0	0	0	0	0	0	0	0	0	0	0	0	0
chrM	3p	+	36	273	294	115	217	899	3	13	0	0	0	0	0	1	0	0	0	0	0	0	0	0	0	0	0	0	0
chrM	3p	+	37	261	284	124	230	899	9	7	1	0	1	0	0	0	0	0	0	0	0	0	0	0	0	0	0	0	0
chrM	3p	+	38	260	277	132	229	898	1	8	0	0	0	0	0	0	0	0	1	1	0	0	0	0	0	0	0	0	0
chrM	3p	+	39	291	268	117	222	898	6	5	0	0	0	0	0	0	0	1	1	0	0	0	1	0	0	0	1	0	0
chrM	3p	+	40	275	278	121	225	899	5	3	0	0	0	0	0	1	0	1	0	0	0	0	0	0	0	0	0	0	0
chrM	3p	+	41	259	307	127	206	899	7	5	0	0	0	0	0	0	0	0	0	1	0	0	0	0	0	0	0	0	0
chrM	3p	+	42	279	281	125	214	899	2	6	2	0	0	1	0	0	0	0	0	0	0	0	0	0	0	0	0	0	0
chrM	3p	+	43	282	282	118	217	899	4	10	1	0	0	0	0	0	0	0	0	0	0	0	0	0	0	0	0	0	0
chrM	3p	+	44	283	273	131	212	899	7	7	0	0	0	0	0	0	0	0	0	0	0	0	0	0	0	0	0	0	0
chrM	3p	+	45	287	284	117	211	899	2	7	0	0	0	0	0	0	0	0	1	0	0	0	0	0	0	0	0	0	0
chrM	3p	+	46	261	281	118	239	899	5	1	0	0	0	0	0	1	0	0	1	0	0	0	0	0	0	0	0	0	0
chrM	3p	+	47	287	258	119	235	899	5	5	0	0	0	0	0	0	0	0	0	0	0	0	0	0	0	0	0	0	0
chrM	3p	+	48	283	299	119	198	899	2	10	0	0	1	0	0	0	0	0	0	0	0	0	0	0	0	0	0	0	0
chrM	3p	+	49	275	274	141	209	899	2	4	1	0	0	0	0	0	0	0	0	0	0	0	0	0	0	0	0	0	0
chrM	3p	+	50	254	281	142	222	899	6	8	0	0	1	0	0	0	0	0	0	0	0	0	0	0	0	0	0	0	0
chrM	3p	+	51	307	271	118	203	899	6	7	1	0	0	0	0	0	0	0	0	0	0	0	0	0	0	0	0	0	0
chrM	3p	+	52	261	279	124	235	899	3	10	1	1	0	0	0	0	0	0	0	0	0	0	0	0	0	0	0	0	0
chrM	3p	+	53	266	265	124	244	899	3	2	1	0	0	0	0	1	0	0	0	0	0	0	0	0	0	0	0	0	0
chrM	3p	+	54	263	288	107	241	899	0	7	0	0	0	0	0	0	0	0	0	0	0	0	0	0	0	0	0	0	0
chrM	3p	+	55	277	302	123	197	899	4	8	0	0	0	0	0	0	0	0	0	0	0	0	0	0	0	0	0	0	0
chrM	3p	+	56	268	288	129	214	899	4	7	0	0	0	0	0	0	0	0	0	0	0	0	0	0	0	0	0	0	0
chrM	3p	+	57	260	309	134	196	899	3	9	1	0	1	0	0	1	0	0	0	0	0	0	0	0	0	0	0	0	0
chrM	3p	+	58	274	292	114	219	899	4	8	0	0	0	0	0	0	0	0	0	0	0	0	0	0	0	0	0	0	0
chrM	3p	+	59	269	277	148	205	899	3	10	2	0	0	0	0	1	0	0	1	0	0	0	0	0	0	0	0	0	0
chrM	3p	+	60	276	291	121	211	899	2	14	0	0	0	0	0	1	0	0	0	0	0	0	0	0	0	0	0	0	0
chrM	3p	+	61	285	306	96	211	898	2	13	1	0	0	0	0	0	0	0	0	0	0	0	0	0	0	0	0	0	0
chrM	3p	+	62	267	293	126	213	899	1	13	0	2	0	0	0	0	0	0	0	0	0	0	0	0	0	0	0	0	0
chrM	3p	+	63	281	267	125	226	899	3	9	0	0	0	1	0	0	0	0	0	0	0	0	0	0	0	0	0	0	0
chrM	3p	+	64	269	296	117	217	899	4	12	0	0	0	0	0	0	0	0	0	0	0	0	0	0	0	0	0	0	0
chrM	3p	+	65	263	274	141	221	899	4	8	0	0	0	0	0	0	0	0	0	0	0	0	0	0	0	0	0	0	0
chrM	3p	+	66	264	298	117	219	898	1	11	0	0	0	0	0	1	0	0	0	0	0	0	0	0	0	0	0	0	0
chrM	3p	+	67	301	259	116	222	898	2	8	0	0	0	0	0	0	0	0	0	0	0	0	0	0	0	0	0	0	0
chrM	3p	+	68	271	286	115	226	898	2	15	0	0	0	0	0	1	0	0	0	0	0	0	0	0	0	0	0	0	0
chrM	3p	+	69	267	285	113	233	898	5	14	0	0	0	0	0	0	0	0	0	0	0	0	0	0	0	0	0	0	0
chrM	3p	+	70	296	252	122	228	898	1	14	3	0	0	0	0	0	0	0	0	0	0	0	0	0	0	0	0	0	0
chrM	3p	-	1	273	66	353	282	974	46	14	15	0	0	14	11	19	27	44	0	27	0	0	0	0	0	0	0	0	0
chrM	3p	-	2	262	103	309	298	972	68	1	16	9	5	0	6	25	12	42	4	2	0	0	0	0	0	0	0	1	0
chrM	3p	-	3	235	121	338	278	972	41	3	22	7	3	0	11	12	26	23	2	10	0	1	0	0	0	0	1	1	0
chrM	3p	-	4	246	141	298	285	970	55	4	3	5	5	2	0	32	0	24	4	3	0	1	0	0	0	2	1	1	0
chrM	3p	-	5	240	115	309	307	971	31	3	4	0	3	0	1	0	3	2	0	1	0	1	1	0	2	1	0	0	0
chrM	3p	-	6	230	136	281	322	969	27	3	1	1	1	0	1	3	1	12	0	0	0	1	0	0	4	0	1	0	0
chrM	3p	-	7	223	138	317	291	969	20	2	1	2	0	0	3	2	3	4	1	0	2	2	1	0	3	0	0	2	0
chrM	3p	-	8	250	116	304	298	968	18	3	0	1	0	0	0	4	0	7	1	0	0	1	1	1	5	0	0	1	0
chrM	3p	-	9	241	136	306	289	972	14	3	0	1	0	0	1	2	0	2	0	1	0	0	0	0	0	0	1	1	0
chrM	3p	-	10	246	126	310	291	973	17	3	0	0	0	0	0	1	0	1	0	0	0	1	0	0	1	0	0	0	0
chrM	3p	-	11	216	126	353	279	974	16	5	0	1	0	0	0	0	0	0	0	1	0	0	0	1	0	0	0	0	0
chrM	3p	-	12	240	121	310	302	973	16	2	0	1	0	0	0	0	0	1	0	0	0	0	0	0	0	0	0	0	0
chrM	3p	-	13	259	132	287	296	974	8	1	0	2	0	0	0	1	0	1	0	1	0	0	0	0	0	0	0	0	0
chrM	3p	-	14	252	119	310	293	974	14	5	0	0	0	0	1	0	0	0	0	0	0	0	0	0	0	0	0	0	0
chrM	3p	-	15	250	124	283	317	974	11	2	0	0	0	0	1	1	0	0	0	0	0	0	0	0	0	0	0	0	0
chrM	3p	-	16	235	142	316	280	973	11	4	0	0	0	0	0	0	0	0	0	0	0	0	0	0	1	0	0	0	0
chrM	3p	-	17	211	117	325	321	974	12	4	0	0	0	0	0	1	0	0	0	0	0	0	0	1	0	0	0	0	0
chrM	3p	-	18	223	139	299	312	973	12	4	1	0	0	0	0	0	0	0	0	0	0	0	0	0	0	0	0	0	0
chrM	3p	-	19	221	120	329	304	974	12	2	0	0	0	0	0	0	0	0	0	0	0	0	0	0	0	0	0	0	0
chrM	3p	-	20	232	124	310	308	974	11	3	0	2	0	0	0	0	0	0	0	0	0	0	0	1	0	0	0	0	0
chrM	3p	-	21	222	140	308	303	973	8	4	0	0	0	0	0	1	0	0	0	0	0	0	0	0	0	0	0	0	0
chrM	3p	-	22	291	128	278	277	974	8	2	0	0	0	0	0	0	0	1	0	0	0	0	0	1	0	0	0	0	0
chrM	3p	-	23	240	135	298	300	973	10	7	0	1	0	0	0	0	0	1	0	0	0	0	0	0	0	0	0	0	0
chrM	3p	-	24	229	154	305	286	974	16	4	0	3	0	0	0	0	0	0	0	0	0	0	0	0	0	0	0	0	0
chrM	3p	-	25	241	126	303	304	974	11	3	0	0	0	0	0	1	0	0	0	0	0	0	0	0	0	0	0	0	0
chrM	3p	-	26	222	140	328	283	973	8	4	0	0	0	0	0	0	0	0	0	0	0	0	0	0	0	0	0	0	0
chrM	3p	-	27	262	138	290	284	974	5	4	0	0	0	0	0	1	0	0	0	0	0	0	0	1	0	0	0	0	0
chrM	3p	-	28	230	142	316	285	973	12	5	0	0	0	1	1	0	0	0	0	0	0	0	0	0	1	0	0	0	0
chrM	3p	-	29	251	125	309	289	974	9	5	0	0	0	0	0	0	0	0	0	0	0	0	0	0	0	0	0	0	0
chrM	3p	-	30	240	146	275	313	974	7	4	0	0	0	0	0	0	0	0	1	0	0	0	0	0	0	0	0	0	0
chrM	3p	-	31	243	125	290	316	974	10	6	0	1	0	1	0	0	0	1	0	0	0	0	0	0	0	0	0	0	0
chrM	3p	-	32	251	118	313	292	974	7	4	0	1	0	1	0	0	0	0	0	0	0	0	0	0	0	0	0	0	0
chrM	3p	-	33	237	134	311	292	974	7	7	0	0	0	0	0	0	0	1	0	0	0	0	0	0	0	0	0	0	0
chrM	3p	-	34	255	147	294	278	974	7	6	0	0	0	0	0	1	0	0	1	0	0	0	0	0	0	0	0	0	0
chrM	3p	-	35	226	128	325	295	974	17	5	0	1	0	0	0	0	0	0	0	0	0	0	0	0	0	0	0	0	0
chrM	3p	-	36	240	151	314	269	974	9	6	1	0	0	0	0	0	0	0	0	0	0	0	0	0	0	0	0	0	0
chrM	3p	-	37	255	137	313	269	974	1	7	0	0	0	0	0	0	1	0	0	0	0	0	0	1	0	0	0	0	0
chrM	3p	-	38	247	106	300	321	974	11	4	0	2	0	0	0	0	0	0	0	0	0	1	0	0	0	0	0	0	0
chrM	3p	-	39	218	140	291	325	974	14	6	0	0	1	0	0	1	0	1	0	0	0	0	0	0	0	0	0	0	0
chrM	3p	-	40	232	129	313	300	974	14	4	0	0	0	0	0	0	0	0	0	0	0	0	0	0	0	0	0	0	0
chrM	3p	-	41	222	115	323	314	974	12	1	0	1	0	0	0	0	0	0	0	1	0	0	0	0	0	0	0	0	0
chrM	3p	-	42	241	145	281	307	974	8	7	0	0	0	0	0	1	1	0	1	0	0	0	0	0	0	0	0	0	0
chrM	3p	-	43	239	139	310	286	974	8	4	0	0	0	1	0	0	0	0	0	0	0	0	0	0	0	0	0	0	0
chrM	3p	-	44	241	120	321	292	974	7	8	0	0	0	0	0	0	0	0	0	0	0	0	0	0	0	0	0	0	0
chrM	3p	-	45	234	147	284	309	974	5	6	0	0	0	0	0	0	0	0	0	0	0	0	0	0	0	0	0	0	0
chrM	3p	-	46	255	127	273	319	974	5	3	0	0	0	0	0	0	0	0	0	0	0	0	0	0	0	0	0	0	0
chrM	3p	-	47	239	141	300	294	974	9	4	1	0	0	0	0	1	0	0	0	0	0	0	0	0	0	0	0	0	0
chrM	3p	-	48	238	137	308	291	974	8	6	0	0	0	0	0	1	0	0	0	0	0	0	0	0	0	0	0	0	0
chrM	3p	-	49	235	131	309	299	974	6	5	0	1	0	0	0	0	0	0	0	0	0	0	0	0	0	0	0	0	0
chrM	3p	-	50	240	121	309	304	974	10	9	0	0	0	0	0	0	0	0	0	0	0	0	0	0	0	0	0	0	0
chrM	3p	-	51	252	151	272	299	974	3	3	0	1	0	0	0	0	0	0	0	1	0	0	0	0	0	0	0	0	0
chrM	3p	-	52	223	149	290	312	974	4	10	0	1	0	0	0	1	0	0	0	0	0	0	0	1	0	0	0	0	0
chrM	3p	-	53	206	147	324	297	974	8	4	0	3	0	0	0	0	1	0	1	0	0	1	0	0	0	0	0	0	0
chrM	3p	-	54	219	146	286	323	974	3	7	1	0	0	0	0	0	0	1	0	0	0	0	0	0	0	0	0	0	0
chrM	3p	-	55	231	141	312	290	974	5	5	0	1	0	0	0	0	0	0	0	0	0	0	0	0	0	0	0	0	0
chrM	3p	-	56	243	139	292	300	974	6	3	0	0	0	0	0	0	0	0	0	0	0	0	0	0	0	0	0	0	0
chrM	3p	-	57	244	129	324	277	974	6	6	0	1	0	0	0	0	0	0	0	0	0	0	0	0	0	0	0	0	0
chrM	3p	-	58	237	124	289	324	974	5	6	0	0	0	0	0	0	0	0	0	0	0	0	0	0	0	0	0	0	0
chrM	3p	-	59	239	124	309	302	974	2	3	0	1	0	0	0	0	0	1	0	0	0	0	0	0	0	0	0	0	0
chrM	3p	-	60	225	141	323	284	973	3	3	2	0	0	0	0	0	1	0	0	0	0	0	0	0	0	0	0	1	0
chrM	3p	-	61	251	111	306	306	974	6	6	0	0	0	0	0	0	0	0	1	0	0	0	0	0	0	0	0	0	0
chrM	3p	-	62	251	114	328	281	974	3	5	0	0	0	0	0	1	0	0	0	0	0	0	0	0	0	0	0	0	0
chrM	3p	-	63	215	134	329	296	974	4	1	0	0	0	0	0	0	0	1	0	0	0	0	0	0	0	0	0	0	0
chrM	3p	-	64	266	144	274	290	974	3	3	0	0	0	0	0	0	0	1	0	0	0	0	0	0	0	0	0	0	0
chrM	3p	-	65	212	126	314	322	974	4	5	0	1	0	0	0	0	0	0	0	0	0	0	0	0	0	0	0	0	0
chrM	3p	-	66	211	124	317	322	974	1	9	0	0	0	0	0	0	0	0	0	0	0	0	0	0	0	0	0	0	0
chrM	3p	-	67	251	128	291	304	974	4	6	1	0	0	0	0	1	0	0	0	0	0	0	0	0	0	0	0	0	0
chrM	3p	-	68	238	130	316	290	974	3	13	0	0	0	0	0	0	0	0	0	0	0	0	0	0	0	0	0	0	0
chrM	3p	-	69	226	120	302	326	974	3	9	0	0	0	0	0	0	0	0	0	0	0	0	0	0	0	0	0	0	0
chrM	3p	-	70	271	115	308	280	974	2	6	1	0	0	0	0	0	0	0	0	0	0	0	0	0	0	0	0	0	0
chrM	5p	+	1	249	332	128	190	899	0	48	2	0	0	1	1	0	0	0	0	0	0	0	0	0	0	0	0	0	0
chrM	5p	+	2	280	302	119	198	899	1	31	2	0	0	0	0	1	0	1	0	0	0	0	0	0	0	0	0	0	0
chrM	5p	+	3	278	265	120	235	898	0	27	0	0	0	0	0	0	0	1	0	0	0	0	0	0	0	0	0	0	0
chrM	5p	+	4	280	269	126	224	899	0	21	1	0	0	0	0	0	0	0	0	0	0	0	0	0	0	0	0	0	0
chrM	5p	+	5	273	303	126	197	899	0	24	0	0	0	0	0	0	0	0	0	0	0	0	0	0	0	0	0	0	0
chrM	5p	+	6	275	266	114	244	899	2	16	0	0	0	0	0	0	1	0	0	0	0	0	0	0	0	0	0	0	0
chrM	5p	+	7	266	273	123	237	899	2	17	2	0	0	0	0	0	0	0	0	0	0	0	0	0	0	0	0	0	0
chrM	5p	+	8	285	275	111	228	899	4	12	0	0	0	0	0	0	0	0	0	0	0	0	0	0	0	0	0	0	0
chrM	5p	+	9	273	277	117	232	899	2	12	0	0	0	0	0	1	0	0	0	0	0	0	0	0	0	0	0	0	0
chrM	5p	+	10	281	274	120	224	899	2	10	0	0	0	0	0	1	0	0	0	0	0	0	0	0	0	0	0	0	0
chrM	5p	+	11	281	287	108	223	899	2	11	0	0	0	0	0	0	0	0	0	0	0	0	0	0	0	0	0	0	0
chrM	5p	+	12	254	289	144	212	899	3	10	0	0	0	0	0	0	0	0	0	0	0	0	0	0	0	0	0	0	0
chrM	5p	+	13	279	280	120	220	899	4	13	0	0	0	0	0	0	0	0	0	0	0	0	0	0	0	0	0	0	0
chrM	5p	+	14	265	295	124	215	899	2	9	0	1	0	1	0	0	0	0	0	0	0	0	0	0	0	0	0	0	0
chrM	5p	+	15	284	280	109	226	899	2	12	0	1	0	0	0	0	0	0	0	0	0	0	0	0	0	0	0	0	0
chrM	5p	+	16	272	293	118	215	898	2	13	1	0	0	0	0	1	0	0	0	0	0	0	0	0	0	0	0	0	0
chrM	5p	+	17	270	299	129	201	899	1	8	1	0	0	0	0	0	0	0	0	0	0	0	0	0	0	0	0	0	0
chrM	5p	+	18	255	293	140	211	899	5	12	1	0	0	0	0	1	0	0	1	0	0	0	0	0	0	0	0	0	0
chrM	5p	+	19	286	288	112	213	899	5	7	0	0	1	0	0	0	0	0	0	0	0	0	0	0	0	0	0	0	0
chrM	5p	+	20	264	308	130	197	899	4	10	1	0	0	0	0	1	0	0	0	0	0	0	0	0	0	0	0	0	0
chrM	5p	+	21	277	286	130	206	899	1	7	0	0	0	0	0	0	0	0	0	0	0	0	0	0	0	0	0	0	0
chrM	5p	+	22	272	288	111	228	899	3	7	0	0	0	0	0	0	0	0	0	0	0	0	0	0	0	0	0	0	0
chrM	5p	+	23	254	292	115	238	899	1	6	0	0	0	0	0	1	0	0	0	0	0	0	0	0	0	0	0	0	0
chrM	5p	+	24	285	261	122	231	899	3	4	1	0	0	0	0	0	0	0	0	0	0	0	0	0	0	0	0	0	0
chrM	5p	+	25	248	282	134	235	899	3	8	1	1	0	0	0	0	0	0	0	0	0	0	0	0	0	0	0	0	0
chrM	5p	+	26	302	284	124	189	899	6	7	1	0	0	0	0	0	0	0	0	0	0	0	0	0	0	0	0	0	0
chrM	5p	+	27	264	266	142	227	899	6	8	0	0	1	0	0	0	0	0	0	0	0	0	0	0	0	0	0	0	0
chrM	5p	+	28	284	267	127	221	899	1	7	1	0	1	0	0	0	0	0	0	0	0	0	0	0	0	0	0	0	0
chrM	5p	+	29	281	299	108	211	899	5	7	0	0	0	0	0	0	0	0	0	0	0	0	0	0	0	0	0	0	0
chrM	5p	+	30	272	284	128	215	899	5	3	0	0	0	0	0	1	0	0	0	0	0	0	0	0	0	0	0	0	0
chrM	5p	+	31	265	273	110	251	899	3	4	0	0	0	0	0	0	0	0	1	0	0	0	0	0	0	0	0	0	0
chrM	5p	+	32	278	287	125	209	899	2	5	0	0	0	0	0	0	0	0	1	0	0	0	0	0	0	0	0	0	0
chrM	5p	+	33	288	272	130	209	899	6	8	0	0	0	0	0	0	0	0	0	0	0	0	0	0	0	0	0	0	0
chrM	5p	+	34	289	269	130	211	899	5	9	1	0	0	0	0	0	0	0	0	0	0	0	0	0	0	0	0	0	0
chrM	5p	+	35	279	294	115	211	899	5	6	2	0	0	1	0	0	0	0	0	1	0	0	0	0	0	0	0	0	0
chrM	5p	+	36	268	291	133	207	899	5	4	0	0	0	0	0	0	0	0	0	0	0	0	0	0	0	0	0	0	0
chrM	5p	+	37	265	282	114	238	899	6	6	0	0	0	0	0	1	0	1	0	0	0	0	0	0	0	0	0	0	0
chrM	5p	+	38	299	271	124	204	898	4	8	0	0	1	0	0	0	0	1	1	1	0	0	0	0	0	0	1	0	0
chrM	5p	+	39	261	276	133	229	899	4	6	1	0	0	0	0	0	0	0	1	0	0	0	1	0	0	0	0	0	0
chrM	5p	+	40	263	276	121	238	898	6	10	0	0	0	0	0	1	0	0	0	0	0	0	0	0	0	0	0	0	0
chrM	5p	+	41	272	299	114	214	899	3	6	0	0	0	0	0	0	0	0	0	0	0	0	0	0	0	0	0	0	0
chrM	5p	+	42	273	279	116	231	899	2	6	1	0	0	0	0	0	0	0	0	0	0	0	0	0	0	0	0	0	0
chrM	5p	+	43	282	265	116	236	899	7	7	0	0	1	0	0	0	0	0	0	0	0	0	0	0	0	0	0	0	0
chrM	5p	+	44	274	292	106	227	899	2	6	0	0	0	0	0	1	0	0	0	0	0	0	0	0	0	0	0	0	0
chrM	5p	+	45	280	294	117	208	899	9	8	0	0	1	0	0	1	0	2	0	0	0	0	0	0	0	0	0	0	0
chrM	5p	+	46	282	269	110	238	899	3	10	0	0	0	0	0	1	0	1	0	0	0	0	0	0	0	0	0	0	0
chrM	5p	+	47	272	283	106	237	898	6	9	1	0	0	1	0	0	0	2	0	0	0	0	0	0	0	1	0	0	0
chrM	5p	+	48	288	258	108	245	899	6	6	1	1	0	0	0	1	0	0	0	0	0	0	0	0	0	0	0	0	0
chrM	5p	+	49	277	274	116	231	898	5	6	1	0	0	0	0	0	0	1	2	0	0	0	0	0	0	1	0	0	0
chrM	5p	+	50	260	273	140	226	899	4	4	1	0	0	0	0	2	0	0	0	0	0	0	0	0	0	0	0	0	0
chrM	5p	+	51	297	255	123	224	899	3	4	1	1	0	1	2	0	0	0	1	0	0	0	0	0	0	0	0	0	0
chrM	5p	+	52	287	291	122	199	899	6	11	0	0	0	1	0	0	0	0	0	0	0	0	1	0	0	0	0	0	0
chrM	5p	+	53	275	279	117	227	898	4	4	0	1	0	0	0	0	1	0	0	0	0	0	0	0	0	0	0	0	0
chrM	5p	+	54	265	288	119	227	899	6	5	0	0	0	0	0	1	0	1	0	0	0	0	0	0	0	0	0	0	0
chrM	5p	+	55	286	268	128	217	899	10	1	0	0	0	0	0	1	0	0	0	0	0	0	0	0	0	0	0	0	0
chrM	5p	+	56	283	289	114	213	899	9	3	1	0	0	0	0	1	0	1	0	0	0	0	0	0	0	0	0	0	0
chrM	5p	+	57	254	281	122	242	899	6	5	1	0	0	0	0	1	0	0	0	0	0	0	0	0	0	0	0	0	0
chrM	5p	+	58	280	281	114	224	899	4	7	1	0	0	0	0	2	0	1	0	0	0	0	0	0	0	0	0	0	0
chrM	5p	+	59	265	283	118	233	899	6	4	0	0	0	0	0	0	0	0	0	0	0	0	0	0	0	0	0	0	0
chrM	5p	+	60	282	264	134	219	899	12	4	0	0	1	0	1	0	1	0	0	0	0	0	0	0	0	0	0	0	0
chrM	5p	+	61	277	283	128	210	898	5	5	0	1	0	1	0	0	0	1	1	0	0	0	0	0	0	0	1	0	0
chrM	5p	+	62	276	281	105	237	899	3	1	0	2	0	0	0	1	0	1	0	1	0	0	0	0	0	0	0	0	0
chrM	5p	+	63	290	282	114	213	899	7	6	1	0	0	0	1	0	0	1	0	0	0	0	0	0	0	0	0	0	0
chrM	5p	+	64	267	268	120	244	899	8	2	0	0	0	0	0	1	1	1	0	0	0	0	0	0	0	0	0	0	0
chrM	5p	+	65	291	278	115	215	899	5	4	0	0	0	0	0	0	0	1	0	0	0	0	0	0	0	0	0	0	0
chrM	5p	+	66	302	248	138	209	897	5	1	0	0	0	1	0	1	0	1	1	0	0	0	0	0	1	0	0	0	0
chrM	5p	+	67	296	272	115	215	898	8	2	0	0	0	0	1	4	0	0	0	0	0	0	0	0	0	0	0	0	0
chrM	5p	+	68	271	286	135	206	898	7	5	0	0	0	0	0	0	0	0	0	0	0	0	0	0	0	0	0	0	0
chrM	5p	+	69	270	274	131	222	897	4	5	0	0	0	0	0	1	0	1	0	1	0	0	0	0	1	0	0	0	0
chrM	5p	+	70	280	266	126	218	890	4	5	2	0	0	0	1	2	0	1	0	0	1	0	4	0	8	0	0	0	0
chrM	5p	-	1	207	148	343	276	974	0	25	1	0	0	1	0	0	0	0	1	2	0	0	0	0	0	0	0	0	0
chrM	5p	-	2	225	145	325	279	974	0	20	0	0	0	0	0	0	0	0	0	0	0	0	0	0	0	0	0	0	0
chrM	5p	-	3	254	140	271	309	974	0	19	0	0	0	0	0	0	0	0	0	0	0	0	0	0	0	0	0	0	0
chrM	5p	-	4	256	136	263	319	974	1	19	0	0	0	0	0	0	0	0	0	1	0	0	0	0	0	0	0	0	0
chrM	5p	-	5	270	116	303	285	974	0	17	0	0	0	0	0	1	1	0	0	1	0	0	0	0	0	0	0	0	0
chrM	5p	-	6	268	97	325	284	974	1	8	0	0	0	0	0	0	0	0	0	0	0	0	0	0	0	0	0	0	0
chrM	5p	-	7	252	125	306	291	974	3	7	1	0	0	0	0	0	0	0	0	0	0	0	0	0	0	0	0	0	0
chrM	5p	-	8	218	119	300	337	974	3	8	0	0	0	0	0	0	0	0	0	0	0	0	0	0	0	0	0	0	0
chrM	5p	-	9	247	129	309	289	974	2	13	1	0	0	0	0	0	0	0	0	0	0	0	0	0	0	0	0	0	0
chrM	5p	-	10	246	125	298	305	974	4	6	0	0	0	0	0	1	0	0	0	0	0	0	0	0	0	0	0	0	0
chrM	5p	-	11	212	122	309	331	974	2	9	0	0	0	0	0	0	0	0	0	0	0	0	0	0	0	0	0	0	0
chrM	5p	-	12	214	139	310	311	974	4	4	0	1	0	0	0	0	0	0	0	0	0	0	0	0	0	0	0	0	0
chrM	5p	-	13	256	150	288	280	974	3	4	0	0	0	0	0	0	0	1	0	0	0	0	0	0	0	0	0	0	0
chrM	5p	-	14	224	130	328	292	974	4	1	0	0	0	0	0	1	0	1	0	0	0	0	0	0	0	0	0	0	0
chrM	5p	-	15	254	106	338	276	974	4	5	0	0	0	0	0	0	0	0	0	0	0	0	0	0	0	0	0	0	0
chrM	5p	-	16	246	122	304	302	974	4	7	0	0	0	0	0	0	0	0	1	0	0	0	0	0	0	0	0	0	0
chrM	5p	-	17	227	140	313	293	973	4	3	2	0	0	0	0	0	1	0	0	0	0	0	0	0	0	0	0	1	0
chrM	5p	-	18	247	125	300	302	974	4	2	0	1	0	0	0	0	0	1	0	0	0	0	0	0	0	0	0	0	0
chrM	5p	-	19	238	129	290	317	974	5	6	0	0	0	0	0	0	0	0	0	0	0	0	0	0	0	0	0	0	0
chrM	5p	-	20	236	115	345	278	974	5	8	0	1	0	0	0	0	0	0	0	0	0	0	0	0	0	0	0	0	0
chrM	5p	-	21	252	139	288	295	974	5	3	0	0	0	0	0	0	0	0	0	0	0	0	0	0	0	0	0	0	0
chrM	5p	-	22	218	151	311	294	974	3	4	0	1	0	0	0	0	0	0	0	0	0	0	0	0	0	0	0	0	0
chrM	5p	-	23	212	146	297	319	974	4	5	1	2	0	0	0	0	0	1	0	0	0	0	0	0	0	0	0	0	0
chrM	5p	-	24	230	139	299	306	974	9	6	0	1	0	0	0	0	1	0	1	0	0	0	0	0	0	0	0	0	0
chrM	5p	-	25	222	154	289	309	974	5	8	0	1	0	0	0	1	0	0	0	0	0	0	0	0	0	0	0	0	0
chrM	5p	-	26	253	129	287	305	974	3	3	0	1	0	0	0	0	0	0	0	1	0	1	0	0	0	0	0	0	0
chrM	5p	-	27	248	126	313	287	974	10	9	0	0	0	0	0	1	0	0	0	0	0	0	0	1	0	0	0	0	0
chrM	5p	-	28	218	150	310	296	974	5	5	0	1	0	0	0	0	0	0	0	0	0	0	0	0	0	0	0	0	0
chrM	5p	-	29	224	134	303	313	974	8	7	0	0	0	0	0	0	0	0	0	0	0	0	0	0	0	0	0	0	0
chrM	5p	-	30	246	139	288	301	974	8	3	1	0	0	0	0	1	0	0	0	0	0	0	0	0	0	0	0	0	0
chrM	5p	-	31	253	134	274	313	974	6	3	0	0	0	0	0	0	0	0	0	0	0	0	0	0	0	0	0	0	0
chrM	5p	-	32	239	136	295	304	974	7	6	0	0	0	0	0	0	0	0	0	0	0	0	0	0	0	0	0	0	0
chrM	5p	-	33	246	119	321	288	974	6	9	0	0	0	0	0	0	1	0	0	0	0	0	0	0	0	0	0	0	0
chrM	5p	-	34	225	150	303	296	974	6	4	0	0	0	1	0	0	0	0	0	0	0	0	0	0	0	0	0	0	0
chrM	5p	-	35	244	140	285	305	974	12	6	0	0	0	0	0	1	0	0	1	0	0	0	0	0	0	0	0	0	0
chrM	5p	-	36	223	122	322	307	974	11	1	0	0	0	0	0	0	0	0	0	1	0	0	0	0	0	0	0	0	0
chrM	5p	-	37	229	118	313	314	974	16	6	0	2	1	0	0	0	0	0	0	0	0	0	0	0	0	0	0	0	0
chrM	5p	-	38	223	133	297	321	974	13	5	0	1	0	0	0	1	0	1	0	0	0	0	0	0	0	0	0	0	0
chrM	5p	-	39	249	120	293	312	974	7	4	0	1	0	0	0	0	0	0	0	0	0	0	0	0	0	0	0	0	0
chrM	5p	-	40	256	140	317	261	974	3	7	0	0	0	0	0	0	1	0	0	0	0	0	0	0	0	0	0	0	0
chrM	5p	-	41	237	146	321	270	974	9	7	1	0	0	0	0	0	0	0	0	0	0	1	0	0	0	0	0	0	0
chrM	5p	-	42	234	126	313	301	974	17	6	0	0	0	0	0	0	0	1	0	0	0	0	0	1	0	0	0	0	0
chrM	5p	-	43	248	149	289	288	974	6	8	0	0	0	0	0	1	0	0	1	0	0	0	0	0	0	0	0	0	0
chrM	5p	-	44	234	132	311	297	974	9	5	0	0	0	0	0	0	0	0	0	0	0	0	0	0	0	0	0	0	0
chrM	5p	-	45	263	122	295	294	974	6	2	0	1	0	1	0	0	0	0	0	0	0	0	0	0	0	0	0	0	0
chrM	5p	-	46	234	137	299	304	974	8	7	0	1	0	1	0	0	0	1	0	0	0	0	0	0	0	0	0	0	0
chrM	5p	-	47	245	135	295	299	974	8	3	0	0	0	0	0	0	0	0	1	0	0	0	0	0	0	0	0	0	0
chrM	5p	-	48	251	127	307	289	974	10	6	0	0	0	0	0	0	0	0	0	0	0	0	0	0	0	0	0	0	0
chrM	5p	-	49	226	140	310	297	973	11	5	0	0	0	1	1	0	0	0	0	0	0	0	0	0	1	0	0	0	0
chrM	5p	-	50	258	138	304	274	974	4	2	0	0	0	0	0	1	0	0	0	0	0	0	0	0	0	0	0	0	0
chrM	5p	-	51	236	140	308	289	973	8	4	0	0	0	0	0	0	0	0	0	0	0	0	0	1	0	0	0	0	0
chrM	5p	-	52	244	133	313	284	974	13	3	0	1	0	0	0	1	0	0	0	0	0	0	0	0	0	0	0	0	0
chrM	5p	-	53	224	147	301	302	974	18	4	0	2	0	0	0	0	0	1	0	0	0	0	0	0	0	0	0	0	0
chrM	5p	-	54	246	124	299	305	974	8	7	0	1	0	0	0	0	0	1	0	0	0	0	0	0	0	0	0	0	0
chrM	5p	-	55	265	138	289	281	973	9	2	0	1	0	0	0	0	0	0	0	0	0	0	0	0	0	0	0	0	0
chrM	5p	-	56	242	136	297	299	974	10	5	0	0	0	0	0	1	0	0	0	0	0	0	0	1	0	0	0	0	0
chrM	5p	-	57	223	125	328	297	973	12	4	0	1	0	0	0	0	0	0	0	0	0	0	0	0	0	0	0	0	0
chrM	5p	-	58	211	123	302	338	974	9	2	0	0	0	0	0	0	0	0	0	0	0	0	0	1	0	0	0	0	0
chrM	5p	-	59	218	137	314	305	974	12	4	1	0	0	0	0	0	0	0	0	0	0	0	0	0	0	0	0	0	0
chrM	5p	-	60	231	116	312	314	973	10	5	0	0	0	0	0	1	0	0	0	0	0	0	0	0	0	0	0	0	0
chrM	5p	-	61	237	142	324	270	973	13	2	0	0	0	0	1	0	0	0	0	0	0	0	0	1	1	0	0	0	0
chrM	5p	-	62	256	117	290	311	974	14	4	0	0	0	0	0	0	0	0	0	0	0	0	0	0	0	0	0	0	0
chrM	5p	-	63	254	114	299	307	974	10	2	0	1	0	0	1	1	0	0	0	0	0	0	0	0	0	0	0	0	0
chrM	5p	-	64	247	143	283	301	974	7	2	0	1	0	0	0	0	0	2	0	1	0	0	0	0	0	0	0	0	0
chrM	5p	-	65	234	120	321	298	973	20	3	0	1	0	0	0	1	0	0	0	0	0	0	0	0	0	0	0	0	0
chrM	5p	-	66	224	119	362	269	974	16	2	0	1	0	0	0	0	0	0	0	1	0	0	0	1	0	0	0	0	0
chrM	5p	-	67	248	137	295	293	973	16	4	0	0	0	0	0	1	0	1	0	1	0	0	0	0	1	0	0	0	0
chrM	5p	-	68	233	131	307	302	973	16	4	0	2	0	0	1	2	0	2	2	0	0	1	0	0	0	0	0	1	0
chrM	5p	-	69	252	119	299	298	968	17	2	0	1	0	0	0	4	0	7	0	0	0	0	0	0	5	0	1	0	0
chrM	5p	-	70	218	138	309	303	968	21	3	1	1	0	0	3	1	4	4	0	0	0	0	1	0	3	0	0	3	0
