# table produced by mapDamage version 2.0.3
# using mapped file /ebc_data/cls83/Johns/JDS3_02/J-84/bam/J-84.truncated.aln.chrM_filtered_sort_umr_dedup_readgroups.bam and /ebc_data/cls83/indexes/chrM.fasta as reference file
# Chr: reference from sam/bam header, End: from which termini of DNA sequences, Std: strand of reads
Chr	End	Std	Pos	A	C	G	T	Total	G>A	C>T	A>G	T>C	A>C	A>T	C>G	C>A	T>G	T>A	G>C	G>T	A>-	T>-	C>-	G>-	->A	->T	->C	->G	S
chrM	3p	+	1	60	36	44	34	174	8	8	3	0	0	5	7	5	3	8	0	3	0	0	0	0	0	0	0	0	0
chrM	3p	+	2	61	44	28	41	174	5	0	1	1	0	0	6	6	2	6	1	0	0	0	0	0	0	0	0	0	0
chrM	3p	+	3	55	47	28	44	174	4	2	6	1	1	0	7	4	4	3	0	0	0	0	0	0	0	0	0	0	0
chrM	3p	+	4	46	62	22	44	174	3	1	1	1	1	0	0	7	0	5	0	1	0	0	0	0	0	0	0	0	0
chrM	3p	+	5	51	49	28	46	174	1	0	3	0	0	0	0	1	0	0	0	0	0	0	0	0	0	0	0	0	0
chrM	3p	+	6	47	65	24	36	172	1	1	2	0	0	0	1	1	0	0	0	0	0	0	0	0	2	0	0	0	0
chrM	3p	+	7	49	59	32	33	173	3	3	0	0	0	0	0	2	0	0	0	0	0	1	0	0	0	0	0	1	0
chrM	3p	+	8	58	47	24	45	174	1	3	0	0	0	0	1	0	0	0	0	0	0	0	0	0	0	0	0	0	0
chrM	3p	+	9	60	54	16	44	174	0	1	0	0	1	0	0	0	0	0	0	0	0	1	0	0	0	0	0	0	0
chrM	3p	+	10	50	66	14	44	174	0	0	0	0	0	0	0	0	0	0	0	0	0	0	0	0	0	0	0	0	0
chrM	3p	+	11	43	58	28	45	174	2	2	0	0	0	0	0	0	0	0	0	0	0	0	0	0	0	0	0	0	0
chrM	3p	+	12	57	53	25	39	174	1	0	1	0	0	1	0	0	0	0	0	0	0	0	0	0	0	0	0	0	0
chrM	3p	+	13	57	52	24	41	174	3	1	0	0	0	0	0	0	0	0	0	0	0	0	0	0	0	0	0	0	0
chrM	3p	+	14	51	56	30	37	174	0	1	0	0	0	0	0	0	1	0	0	0	0	0	0	0	0	0	0	0	0
chrM	3p	+	15	63	49	21	41	174	0	1	0	0	0	0	0	0	0	0	0	0	0	0	0	0	0	0	0	0	0
chrM	3p	+	16	52	53	26	43	174	1	2	0	0	0	0	0	1	0	0	0	0	0	0	0	0	0	0	0	0	0
chrM	3p	+	17	46	54	27	47	174	3	0	0	0	0	0	0	0	0	0	0	0	0	0	0	0	0	0	0	0	0
chrM	3p	+	18	53	51	29	41	174	1	1	0	0	0	0	0	0	0	0	0	0	0	0	0	0	0	0	0	0	0
chrM	3p	+	19	48	44	39	43	174	2	0	0	0	0	0	0	0	0	0	0	0	0	0	0	0	0	0	0	0	0
chrM	3p	+	20	55	43	26	50	174	3	2	1	0	0	0	0	0	0	0	0	0	0	0	0	0	0	0	0	0	0
chrM	3p	+	21	46	61	28	39	174	4	0	0	0	0	0	0	0	0	0	0	0	0	0	0	0	0	0	0	0	0
chrM	3p	+	22	52	57	27	38	174	3	2	0	0	0	0	0	0	0	0	0	0	0	0	0	0	0	0	0	0	0
chrM	3p	+	23	40	47	28	59	174	2	0	0	0	0	0	0	0	0	0	0	0	0	0	0	0	0	0	0	0	0
chrM	3p	+	24	42	55	26	50	173	2	0	0	0	0	0	0	0	0	0	0	0	0	0	0	0	0	0	0	0	0
chrM	3p	+	25	53	51	31	39	174	2	2	1	0	0	0	0	0	0	0	0	0	0	0	1	0	0	0	0	0	0
chrM	3p	+	26	45	53	31	45	174	1	3	0	0	0	0	1	0	0	0	0	0	0	0	0	0	0	0	0	0	0
chrM	3p	+	27	53	52	23	46	174	1	1	0	0	0	0	0	0	0	0	0	0	0	0	0	0	0	0	0	0	0
chrM	3p	+	28	51	48	27	48	174	0	2	0	0	0	0	0	0	0	0	0	0	0	0	0	0	0	0	0	0	0
chrM	3p	+	29	48	58	21	47	174	1	2	1	0	0	0	0	0	0	0	1	0	0	0	0	0	0	0	0	0	0
chrM	3p	+	30	49	51	17	57	174	0	3	0	0	0	0	0	0	0	0	0	0	0	0	0	0	0	0	0	0	0
chrM	3p	+	31	44	58	27	45	174	3	1	0	0	0	0	0	0	0	0	0	0	0	0	0	0	0	0	0	0	0
chrM	3p	+	32	49	62	19	44	174	1	4	0	0	0	0	0	2	0	0	0	0	0	0	0	0	0	0	0	0	0
chrM	3p	+	33	50	58	16	50	174	0	2	0	0	0	0	0	0	0	0	0	0	0	0	0	0	0	0	0	0	0
chrM	3p	+	34	60	47	31	36	174	2	4	0	0	0	0	0	0	0	0	0	0	0	0	0	0	0	0	0	0	0
chrM	3p	+	35	54	53	17	50	174	0	1	0	0	0	0	0	0	0	0	0	0	0	0	0	0	0	0	0	0	0
chrM	3p	+	36	62	46	21	45	174	0	1	1	1	0	0	0	0	0	0	0	0	0	0	0	0	0	0	0	0	0
chrM	3p	+	37	55	55	24	40	174	1	3	0	0	0	0	0	0	0	0	0	0	0	0	0	0	0	0	0	0	0
chrM	3p	+	38	56	51	19	48	174	0	1	0	0	0	0	0	0	0	0	0	0	0	0	0	0	0	0	0	0	0
chrM	3p	+	39	66	45	26	37	174	0	2	0	0	0	0	0	0	0	0	0	0	0	0	0	0	0	0	0	0	0
chrM	3p	+	40	52	59	25	38	174	1	1	0	0	0	0	0	1	0	0	0	0	0	0	0	0	0	0	0	0	0
chrM	3p	+	41	44	59	20	51	174	2	1	0	0	0	0	0	0	1	0	0	0	0	0	0	0	0	0	0	0	0
chrM	3p	+	42	56	52	33	33	174	3	0	0	0	0	0	0	0	0	0	0	0	0	0	0	0	0	0	0	0	0
chrM	3p	+	43	48	48	26	52	174	3	1	0	0	0	0	0	0	0	0	0	0	0	0	0	0	0	0	0	0	0
chrM	3p	+	44	60	50	30	34	174	0	2	0	0	0	0	0	0	0	0	0	0	0	0	0	0	0	0	0	0	0
chrM	3p	+	45	57	53	18	46	174	0	0	1	0	0	0	0	0	0	0	0	0	0	0	0	0	0	0	0	0	0
chrM	3p	+	46	61	62	13	38	174	0	2	0	0	0	0	0	0	0	0	0	0	0	0	0	0	0	0	0	0	0
chrM	3p	+	47	55	53	25	41	174	3	0	0	0	0	0	0	0	0	0	0	0	0	0	0	0	0	0	0	0	0
chrM	3p	+	48	54	51	30	39	174	0	0	0	0	0	0	0	0	0	0	0	0	0	0	0	0	0	0	0	0	0
chrM	3p	+	49	47	52	23	52	174	1	2	0	0	0	0	0	0	0	0	0	0	0	0	0	0	0	0	0	0	0
chrM	3p	+	50	56	53	19	46	174	1	0	0	0	0	0	0	0	0	0	0	0	0	0	0	0	0	0	0	0	0
chrM	3p	+	51	53	55	24	42	174	0	1	0	0	0	0	0	0	0	0	0	0	0	0	0	0	0	0	0	0	0
chrM	3p	+	52	47	55	27	45	174	0	3	0	0	0	0	0	0	0	0	0	0	0	0	0	0	0	0	0	0	0
chrM	3p	+	53	58	51	22	43	174	1	0	0	0	1	0	0	0	0	0	0	0	0	0	0	0	0	0	0	0	0
chrM	3p	+	54	54	42	35	43	174	1	0	0	0	0	0	0	0	0	0	0	0	0	0	0	0	0	0	0	0	0
chrM	3p	+	55	57	59	24	34	174	0	2	0	0	0	0	0	0	0	0	0	0	0	0	0	0	0	0	0	0	0
chrM	3p	+	56	44	65	26	39	174	0	2	0	0	0	0	0	0	0	0	0	0	0	0	0	0	0	0	0	0	0
chrM	3p	+	57	52	65	15	42	174	1	1	0	0	0	0	0	0	0	0	0	0	0	0	0	0	0	0	0	0	0
chrM	3p	+	58	51	62	22	39	174	0	3	1	1	0	0	0	0	0	0	0	0	0	0	0	0	0	0	0	0	0
chrM	3p	+	59	51	66	21	36	174	2	5	0	1	0	0	0	0	0	0	0	0	0	0	0	0	0	0	0	0	0
chrM	3p	+	60	51	46	30	47	174	1	0	0	0	0	0	0	0	0	0	0	0	0	0	0	0	0	0	0	0	0
chrM	3p	+	61	53	59	28	34	174	1	4	0	0	0	0	0	0	0	0	0	0	0	0	0	0	0	0	0	0	0
chrM	3p	+	62	52	45	25	52	174	0	0	0	0	0	0	0	0	0	0	0	0	0	0	0	0	0	0	0	0	0
chrM	3p	+	63	53	62	26	33	174	1	3	0	0	0	0	0	0	0	0	0	0	0	0	0	0	0	0	0	0	0
chrM	3p	+	64	54	47	19	54	174	0	3	0	0	0	0	0	0	0	0	0	0	0	0	0	0	0	0	0	0	0
chrM	3p	+	65	58	63	20	33	174	0	2	0	0	0	0	0	0	0	0	0	0	0	0	0	0	0	0	0	0	0
chrM	3p	+	66	56	47	23	48	174	0	1	0	0	0	0	0	0	0	0	0	0	0	0	0	0	0	0	0	0	0
chrM	3p	+	67	55	50	26	43	174	1	1	0	0	0	0	0	0	0	0	0	0	0	0	0	0	0	0	0	0	0
chrM	3p	+	68	53	56	25	40	174	0	2	0	0	0	0	0	0	0	0	0	0	0	0	0	0	0	0	0	0	0
chrM	3p	+	69	53	49	29	43	174	2	5	0	0	0	0	0	0	0	0	0	0	0	0	0	0	0	0	0	0	0
chrM	3p	+	70	47	51	23	53	174	0	4	0	0	0	0	0	0	0	0	0	0	0	0	0	0	0	0	0	0	0
chrM	3p	-	1	65	11	93	61	230	24	5	1	0	0	6	1	4	6	12	0	4	0	0	0	0	0	0	0	0	0
chrM	3p	-	2	67	25	67	71	230	13	1	9	1	0	0	1	2	8	13	2	0	0	0	0	0	0	0	0	0	0
chrM	3p	-	3	49	29	75	77	230	13	0	5	1	1	0	2	9	7	10	0	1	0	0	0	0	0	0	0	0	0
chrM	3p	-	4	57	28	59	83	227	8	1	0	1	0	0	0	3	0	11	0	0	0	0	0	0	3	0	0	0	0
chrM	3p	-	5	62	26	68	73	229	4	1	1	0	0	1	0	0	1	0	0	1	0	0	0	1	1	0	0	0	0
chrM	3p	-	6	56	35	58	81	230	8	0	2	2	1	0	0	1	1	1	0	0	0	0	0	0	0	0	0	0	0
chrM	3p	-	7	72	25	73	59	229	5	0	0	0	0	0	0	1	1	1	0	0	0	0	0	1	0	1	0	0	0
chrM	3p	-	8	64	30	72	62	228	2	0	0	0	0	0	0	0	0	1	0	0	0	0	0	0	2	0	0	0	0
chrM	3p	-	9	37	40	81	71	229	8	1	0	1	0	0	0	0	1	1	0	0	0	0	0	0	1	0	0	0	0
chrM	3p	-	10	69	38	49	74	230	4	1	0	0	0	0	0	1	0	0	0	0	0	0	0	0	0	0	0	0	0
chrM	3p	-	11	60	26	81	63	230	4	0	0	1	0	0	0	1	0	0	0	0	0	0	0	0	0	0	0	0	0
chrM	3p	-	12	54	32	72	72	230	8	1	0	0	0	0	0	0	0	0	0	0	0	0	0	0	0	0	0	0	0
chrM	3p	-	13	80	22	64	64	230	6	1	0	1	0	0	0	0	0	0	0	0	0	0	0	0	0	0	0	0	0
chrM	3p	-	14	72	28	63	67	230	3	3	0	0	0	0	0	0	0	0	0	0	0	0	0	0	0	0	0	0	0
chrM	3p	-	15	54	26	85	65	230	7	0	0	0	0	0	0	0	0	0	0	0	0	0	0	0	0	0	0	0	0
chrM	3p	-	16	51	33	83	63	230	3	0	0	0	0	0	0	0	0	0	0	0	0	0	0	0	0	0	0	0	0
chrM	3p	-	17	63	23	81	63	230	6	2	0	0	0	0	0	0	0	0	0	0	0	0	0	0	0	0	0	0	0
chrM	3p	-	18	45	41	80	64	230	3	0	0	0	0	0	0	0	0	0	0	0	0	0	0	0	0	0	0	0	0
chrM	3p	-	19	69	28	65	68	230	1	0	1	0	0	0	0	0	0	0	0	0	0	0	0	0	0	0	0	0	0
chrM	3p	-	20	60	25	79	66	230	2	0	0	0	0	0	0	0	0	0	0	0	0	0	0	0	0	0	0	0	0
chrM	3p	-	21	59	32	59	80	230	2	1	0	0	0	0	0	0	0	0	0	0	0	0	0	0	0	0	0	0	0
chrM	3p	-	22	64	36	68	62	230	2	0	0	0	0	0	0	0	0	0	0	0	0	0	0	0	0	0	0	0	0
chrM	3p	-	23	55	37	71	67	230	2	3	0	0	0	0	0	0	0	0	0	0	0	0	0	0	0	0	0	0	0
chrM	3p	-	24	50	27	77	76	230	3	0	0	0	0	0	0	0	0	0	0	0	0	0	0	0	0	0	0	0	0
chrM	3p	-	25	61	33	71	65	230	4	2	0	0	0	0	0	0	0	0	0	0	0	0	0	0	0	0	0	0	0
chrM	3p	-	26	51	38	70	71	230	0	3	0	0	0	0	0	0	0	0	0	0	0	0	0	0	0	0	0	0	0
chrM	3p	-	27	64	31	67	68	230	3	0	0	0	0	0	0	0	0	0	0	0	0	0	0	0	0	0	0	0	0
chrM	3p	-	28	59	32	79	60	230	4	2	0	0	0	0	0	0	0	0	0	0	0	0	0	0	0	0	0	0	0
chrM	3p	-	29	59	29	75	67	230	2	0	0	0	0	0	0	0	0	0	0	0	0	0	0	0	0	0	0	0	0
chrM	3p	-	30	49	29	77	75	230	1	0	0	0	0	0	0	0	0	0	0	0	0	0	0	0	0	0	0	0	0
chrM	3p	-	31	66	27	67	69	229	2	1	0	0	0	0	0	0	0	0	0	0	0	0	0	1	0	1	0	0	0
chrM	3p	-	32	61	23	85	60	229	1	0	0	0	0	0	0	0	0	0	0	1	0	0	0	0	0	0	0	0	0
chrM	3p	-	33	65	22	84	59	230	2	1	1	1	0	0	0	0	0	0	0	0	0	0	0	0	0	0	0	0	0
chrM	3p	-	34	58	25	63	84	230	1	1	1	1	0	0	0	0	0	0	0	0	0	0	0	0	0	0	0	0	0
chrM	3p	-	35	53	26	69	82	230	1	0	0	2	0	0	0	0	0	0	0	0	0	0	0	0	0	0	0	0	0
chrM	3p	-	36	55	27	72	76	230	2	2	0	0	0	0	0	0	0	0	0	0	0	0	0	0	0	0	0	0	0
chrM	3p	-	37	57	31	82	60	230	1	2	0	1	0	0	0	0	0	0	0	0	0	0	0	0	0	0	0	0	0
chrM	3p	-	38	57	30	72	71	230	2	4	0	0	0	0	0	0	0	0	0	0	0	0	0	0	0	0	0	0	0
chrM	3p	-	39	61	30	70	69	230	0	0	0	0	0	0	0	0	0	0	0	0	0	0	0	0	0	0	0	0	0
chrM	3p	-	40	47	35	71	77	230	2	1	0	0	0	0	0	0	0	0	0	0	0	0	0	0	0	0	0	0	0
chrM	3p	-	41	48	35	84	63	230	3	2	0	0	0	0	0	0	0	0	0	0	0	0	0	0	0	0	0	0	0
chrM	3p	-	42	47	17	76	90	230	3	0	0	0	0	0	0	0	0	0	0	0	0	0	0	0	0	0	0	0	0
chrM	3p	-	43	56	29	78	67	230	3	2	0	0	0	0	0	0	0	0	0	0	0	0	0	0	0	0	0	0	0
chrM	3p	-	44	65	25	76	64	230	1	0	0	0	0	1	0	0	0	0	0	0	0	0	0	0	0	0	0	0	0
chrM	3p	-	45	45	42	74	69	230	1	0	0	1	0	0	0	0	0	0	0	0	0	0	0	0	0	0	0	0	0
chrM	3p	-	46	58	37	73	62	230	0	1	0	0	0	0	0	0	0	0	0	0	0	0	0	0	0	0	0	0	0
chrM	3p	-	47	62	26	78	64	230	3	0	0	0	0	0	0	0	0	0	0	0	0	0	0	0	0	0	0	0	0
chrM	3p	-	48	51	30	86	63	230	3	0	0	0	0	0	0	0	0	0	0	0	0	0	0	0	0	0	0	0	0
chrM	3p	-	49	58	29	72	71	230	1	0	0	0	0	0	0	0	0	0	0	0	0	0	0	0	0	0	0	0	0
chrM	3p	-	50	58	33	70	69	230	1	1	0	0	0	0	0	0	0	0	0	0	0	0	0	0	0	0	0	0	0
chrM	3p	-	51	53	33	69	75	230	1	1	0	0	0	0	0	0	0	0	0	0	0	0	0	0	0	0	0	0	0
chrM	3p	-	52	63	33	73	61	230	0	3	0	0	0	0	0	0	0	0	0	0	0	0	0	0	0	0	0	0	0
chrM	3p	-	53	57	27	75	71	230	0	1	1	0	0	0	0	0	0	0	0	0	0	0	0	0	0	0	0	0	0
chrM	3p	-	54	56	34	73	67	230	1	2	0	0	0	0	0	0	0	0	0	0	0	0	0	0	0	0	0	0	0
chrM	3p	-	55	65	37	64	64	230	2	4	0	1	0	0	0	0	0	0	0	0	0	0	0	0	0	0	0	0	0
chrM	3p	-	56	52	26	81	71	230	1	1	0	1	0	0	0	0	0	0	0	0	0	0	0	0	0	0	0	0	0
chrM	3p	-	57	64	35	65	66	230	0	0	1	0	0	0	0	0	0	0	0	0	0	0	0	0	0	0	0	0	0
chrM	3p	-	58	57	29	67	77	230	0	1	0	0	0	0	0	0	0	0	0	0	0	0	0	0	0	0	0	0	0
chrM	3p	-	59	48	24	82	76	230	1	1	0	0	0	0	0	0	0	0	0	0	0	0	0	0	0	0	0	0	0
chrM	3p	-	60	65	30	63	72	230	2	1	0	0	0	0	0	0	0	0	0	1	0	0	0	0	0	0	0	0	0
chrM	3p	-	61	44	35	67	84	230	1	2	0	0	0	0	0	0	0	0	0	0	0	0	0	0	0	0	0	0	0
chrM	3p	-	62	46	26	83	75	230	0	4	0	0	0	0	0	0	0	0	0	0	0	0	0	0	0	0	0	0	0
chrM	3p	-	63	74	24	70	62	230	0	0	1	0	0	0	0	0	0	0	0	0	0	0	0	0	0	0	0	0	0
chrM	3p	-	64	52	28	59	91	230	0	0	1	0	0	0	0	0	0	0	0	0	0	0	0	0	0	0	0	0	0
chrM	3p	-	65	45	32	76	77	230	0	4	0	0	0	0	0	0	0	0	0	0	0	0	0	0	0	0	0	0	0
chrM	3p	-	66	55	33	80	62	230	0	1	0	0	0	0	0	0	0	0	0	0	0	0	0	0	0	0	0	0	0
chrM	3p	-	67	53	25	73	79	230	1	1	0	1	0	0	0	0	0	0	0	0	0	0	0	0	0	0	0	0	0
chrM	3p	-	68	53	29	70	78	230	0	4	0	0	0	0	0	0	0	0	0	0	0	0	0	0	0	0	0	0	0
chrM	3p	-	69	64	39	62	65	230	0	4	0	0	0	0	0	0	0	0	0	0	0	0	0	0	0	0	0	0	0
chrM	3p	-	70	48	33	69	80	230	0	3	1	0	0	0	0	0	0	0	0	0	0	0	0	0	0	0	0	0	0
chrM	5p	+	1	43	65	26	40	174	0	14	0	0	0	0	0	0	0	0	0	0	0	0	0	0	0	0	0	0	0
chrM	5p	+	2	53	55	21	45	174	0	13	1	0	0	0	0	0	0	0	0	0	0	0	0	0	0	0	0	0	0
chrM	5p	+	3	57	56	24	37	174	0	11	0	0	0	0	0	0	0	0	0	0	0	0	0	0	0	0	0	0	0
chrM	5p	+	4	54	56	24	40	174	0	3	0	0	0	0	0	0	0	0	0	0	0	0	0	0	0	0	0	0	0
chrM	5p	+	5	46	50	23	55	174	0	3	0	0	0	0	0	0	0	0	0	0	0	0	0	0	0	0	0	0	0
chrM	5p	+	6	55	57	22	40	174	0	5	0	0	0	0	0	0	0	0	0	0	0	0	0	0	0	0	0	0	0
chrM	5p	+	7	53	44	27	50	174	1	4	0	0	0	0	0	0	0	0	0	0	0	0	0	0	0	0	0	0	0
chrM	5p	+	8	47	51	32	44	174	1	4	0	0	0	0	0	0	0	0	0	0	0	0	0	0	0	0	0	0	0
chrM	5p	+	9	59	59	23	33	174	0	2	0	0	0	0	0	0	0	0	0	0	0	0	0	0	0	0	0	0	0
chrM	5p	+	10	59	46	24	45	174	1	1	0	0	0	0	0	0	0	0	0	0	0	0	0	0	0	0	0	0	0
chrM	5p	+	11	55	52	25	42	174	0	1	0	0	0	0	0	0	0	0	0	0	0	0	0	0	0	0	0	0	0
chrM	5p	+	12	55	56	19	44	174	0	4	0	0	0	0	0	0	0	0	0	0	0	0	0	0	0	0	0	0	0
chrM	5p	+	13	61	49	21	43	174	1	1	0	0	0	0	0	0	0	0	0	0	0	0	0	0	0	0	0	0	0
chrM	5p	+	14	49	61	24	40	174	0	3	0	0	0	0	0	0	0	0	0	0	0	0	0	0	0	0	0	0	0
chrM	5p	+	15	51	48	26	49	174	0	0	0	0	0	0	0	0	0	0	0	0	0	0	0	0	0	0	0	0	0
chrM	5p	+	16	53	55	28	38	174	2	5	0	0	0	0	0	0	0	0	0	0	0	0	0	0	0	0	0	0	0
chrM	5p	+	17	51	46	32	45	174	3	0	0	1	0	0	0	0	0	0	0	0	0	0	0	0	0	0	0	0	0
chrM	5p	+	18	48	73	15	38	174	0	4	1	0	0	0	0	0	0	0	0	0	0	0	0	0	0	0	0	0	0
chrM	5p	+	19	59	61	22	32	174	0	4	0	1	0	0	0	0	0	0	0	0	0	0	0	0	0	0	0	0	0
chrM	5p	+	20	44	61	24	45	174	0	0	0	0	0	0	0	0	0	0	0	0	0	0	0	0	0	0	0	0	0
chrM	5p	+	21	51	59	21	43	174	0	2	0	0	1	0	0	0	0	0	0	0	0	0	0	0	0	0	0	0	0
chrM	5p	+	22	58	56	31	29	174	0	2	0	0	0	0	0	0	0	0	0	0	0	0	0	0	0	0	0	0	0
chrM	5p	+	23	52	51	25	46	174	1	0	0	0	0	0	0	0	0	0	0	0	0	0	0	0	0	0	0	0	0
chrM	5p	+	24	54	50	24	46	174	1	1	0	0	0	0	0	0	0	0	0	0	0	0	0	0	0	0	0	0	0
chrM	5p	+	25	50	57	25	42	174	0	2	0	0	0	0	0	0	0	0	0	0	0	0	0	0	0	0	0	0	0
chrM	5p	+	26	51	51	28	44	174	1	1	0	0	0	0	0	0	0	0	0	0	0	0	0	0	0	0	0	0	0
chrM	5p	+	27	50	56	17	51	174	1	1	0	0	0	0	0	0	0	0	0	0	0	0	0	0	0	0	0	0	0
chrM	5p	+	28	52	50	28	44	174	0	1	0	0	0	0	0	0	0	0	0	0	0	0	0	0	0	0	0	0	0
chrM	5p	+	29	54	49	27	44	174	0	0	0	0	0	0	0	0	0	0	0	0	0	0	0	0	0	0	0	0	0
chrM	5p	+	30	56	61	17	40	174	3	0	0	0	0	0	0	0	0	0	0	0	0	0	0	0	0	0	0	0	0
chrM	5p	+	31	57	62	18	37	174	0	2	0	0	0	0	0	0	0	0	0	0	0	0	0	0	0	0	0	0	0
chrM	5p	+	32	61	51	21	41	174	0	2	1	0	0	0	0	0	0	0	0	0	0	0	0	0	0	0	0	0	0
chrM	5p	+	33	55	48	27	44	174	0	1	0	0	0	0	0	0	0	0	0	0	0	0	0	0	0	0	0	0	0
chrM	5p	+	34	51	50	27	46	174	3	0	0	0	0	0	0	0	0	0	0	0	0	0	0	0	0	0	0	0	0
chrM	5p	+	35	53	50	30	41	174	3	1	0	0	0	0	0	0	0	0	0	0	0	0	0	0	0	0	0	0	0
chrM	5p	+	36	47	57	22	48	174	2	0	0	0	0	0	0	1	1	0	0	0	0	0	0	0	0	0	0	0	0
chrM	5p	+	37	59	60	26	29	174	1	1	0	0	0	0	0	0	0	0	0	0	0	0	0	0	0	0	0	0	0
chrM	5p	+	38	61	39	29	45	174	0	3	0	0	0	0	0	0	0	0	0	0	0	0	0	0	0	0	0	0	0
chrM	5p	+	39	54	60	17	43	174	0	2	1	0	0	0	0	0	0	0	0	0	0	0	0	0	0	0	0	0	0
chrM	5p	+	40	54	52	21	47	174	1	2	0	0	0	0	0	0	0	0	0	0	0	0	0	0	0	0	0	0	0
chrM	5p	+	41	62	46	19	47	174	0	0	0	1	0	0	0	0	0	0	0	0	0	0	0	0	0	0	0	0	0
chrM	5p	+	42	57	49	23	45	174	1	3	0	0	0	0	0	0	0	0	0	0	0	0	0	0	0	0	0	0	0
chrM	5p	+	43	61	52	25	36	174	1	3	0	0	0	0	0	0	0	0	0	0	0	0	0	0	0	0	0	0	0
chrM	5p	+	44	47	56	22	49	174	0	2	0	0	0	0	0	0	0	0	0	0	0	0	0	0	0	0	0	0	0
chrM	5p	+	45	52	61	19	42	174	2	4	0	0	0	0	0	2	0	0	0	0	0	0	0	0	0	0	0	0	0
chrM	5p	+	46	46	56	25	47	174	2	2	0	0	0	0	0	0	0	0	0	0	0	0	0	0	0	0	0	0	0
chrM	5p	+	47	45	50	21	58	174	0	2	0	0	0	0	0	0	0	0	1	0	0	0	0	0	0	0	0	0	0
chrM	5p	+	48	52	63	17	42	174	1	2	1	0	0	0	0	0	0	0	0	0	0	0	0	0	0	0	0	0	0
chrM	5p	+	49	54	46	25	49	174	0	2	0	0	0	0	0	0	0	0	0	0	0	0	0	0	0	0	0	0	0
chrM	5p	+	50	46	55	29	44	174	1	0	0	0	0	0	0	0	0	0	0	0	0	0	0	0	0	0	0	0	0
chrM	5p	+	51	43	53	27	51	174	1	4	0	0	0	0	1	0	0	0	0	0	0	0	0	0	0	0	0	0	0
chrM	5p	+	52	48	52	35	39	174	3	1	1	0	0	0	0	0	0	0	0	0	0	0	0	0	0	0	0	0	0
chrM	5p	+	53	45	51	23	55	174	1	0	0	0	0	0	0	0	0	0	0	0	0	0	1	0	0	0	0	0	0
chrM	5p	+	54	45	49	28	51	173	2	1	0	0	0	0	0	0	0	0	0	0	0	0	0	0	0	0	0	0	0
chrM	5p	+	55	52	56	33	33	174	4	1	0	0	0	0	0	0	0	0	0	0	0	0	0	0	0	0	0	0	0
chrM	5p	+	56	43	58	27	46	174	5	0	1	0	0	0	0	0	0	0	0	0	0	0	0	0	0	0	0	0	0
chrM	5p	+	57	57	47	22	48	174	1	2	0	0	0	0	0	0	0	0	0	0	0	0	0	0	0	0	0	0	0
chrM	5p	+	58	49	45	38	42	174	2	1	0	0	0	0	0	0	0	0	0	0	0	0	0	0	0	0	0	0	0
chrM	5p	+	59	46	50	32	46	174	1	0	0	0	0	0	0	0	0	0	0	0	0	0	0	0	0	0	0	0	0
chrM	5p	+	60	55	53	19	47	174	3	1	0	0	0	0	0	0	0	0	0	0	0	0	0	0	0	0	0	0	0
chrM	5p	+	61	56	52	30	36	174	1	1	0	0	0	0	0	1	0	0	0	0	0	0	0	0	0	0	0	0	0
chrM	5p	+	62	62	51	21	40	174	0	2	0	0	0	0	0	0	0	0	0	0	0	0	0	0	0	0	0	0	0
chrM	5p	+	63	51	49	31	43	174	1	0	0	0	0	0	0	0	1	0	0	0	0	0	0	0	0	0	0	0	0
chrM	5p	+	64	52	60	24	38	174	2	1	0	0	0	0	0	0	0	0	0	0	0	0	0	0	0	0	0	0	0
chrM	5p	+	65	57	50	27	40	174	2	0	1	0	0	1	0	0	0	0	0	0	0	0	0	0	0	0	0	0	0
chrM	5p	+	66	40	68	24	42	174	1	2	0	0	0	0	0	0	0	0	0	0	0	0	0	0	0	0	0	0	0
chrM	5p	+	67	58	60	10	46	174	0	0	0	0	0	0	0	0	0	0	0	0	0	0	0	0	0	0	0	0	0
chrM	5p	+	68	56	47	22	49	174	0	1	0	0	1	0	0	0	0	0	0	0	0	0	0	0	0	0	0	0	0
chrM	5p	+	69	53	55	26	40	174	1	4	0	0	0	0	0	0	0	0	0	0	0	1	0	0	0	0	0	0	0
chrM	5p	+	70	50	60	31	31	172	3	2	0	0	0	0	1	2	0	0	0	0	0	0	0	0	1	0	0	1	0
chrM	5p	-	1	44	32	86	68	230	0	5	1	0	0	0	0	0	0	0	0	0	0	0	0	0	0	0	0	0	0
chrM	5p	-	2	52	34	70	74	230	0	3	0	1	0	0	0	0	0	0	0	0	0	0	0	0	0	0	0	0	0
chrM	5p	-	3	54	34	58	84	230	0	3	0	0	0	0	0	0	0	1	0	0	0	0	0	0	0	0	0	0	0
chrM	5p	-	4	61	37	56	76	230	0	4	0	0	0	0	0	0	0	0	0	0	0	0	0	0	0	0	0	0	0
chrM	5p	-	5	63	19	65	83	230	0	5	0	0	0	0	0	0	0	0	0	0	0	0	0	0	0	0	0	0	0
chrM	5p	-	6	55	34	72	69	230	0	2	0	0	0	0	0	0	0	0	0	0	0	0	0	0	0	0	0	0	0
chrM	5p	-	7	52	34	64	80	230	0	2	1	0	0	0	0	0	0	0	0	0	0	0	0	0	0	0	0	0	0
chrM	5p	-	8	63	33	64	70	230	0	5	0	1	0	0	0	0	0	0	0	0	0	0	0	0	0	0	0	0	0
chrM	5p	-	9	48	34	78	70	230	0	3	0	0	0	0	0	0	0	0	0	0	0	0	0	0	0	0	0	0	0
chrM	5p	-	10	56	28	72	74	230	1	2	0	0	0	0	0	0	0	0	0	0	0	0	0	0	0	0	0	0	0
chrM	5p	-	11	55	32	72	71	230	0	1	0	0	0	0	0	0	0	0	0	0	0	0	0	0	0	0	0	0	0
chrM	5p	-	12	49	28	77	76	230	0	3	0	0	0	0	0	0	0	0	0	0	0	0	0	0	0	0	0	0	0
chrM	5p	-	13	52	26	62	90	230	0	0	1	0	0	0	0	0	0	0	0	0	0	0	0	0	0	0	0	0	0
chrM	5p	-	14	69	26	72	63	230	0	1	1	0	0	0	0	0	0	0	0	0	0	0	0	0	0	0	0	0	0
chrM	5p	-	15	52	27	78	73	230	0	3	0	0	0	0	0	0	0	0	0	0	0	0	0	0	0	0	0	0	0
chrM	5p	-	16	42	31	75	82	230	1	2	0	0	0	0	0	0	0	0	0	1	0	0	0	0	0	0	0	0	0
chrM	5p	-	17	62	32	59	77	230	2	1	0	0	0	0	0	0	0	0	0	0	0	0	0	0	0	0	0	0	0
chrM	5p	-	18	50	30	77	73	230	1	1	0	0	0	0	0	0	0	0	0	0	0	0	0	0	0	0	0	0	0
chrM	5p	-	19	59	27	70	74	230	0	1	0	0	0	0	0	0	0	0	0	0	0	0	0	0	0	0	0	0	0
chrM	5p	-	20	62	32	65	71	230	0	0	1	0	0	0	0	0	0	0	0	0	0	0	0	0	0	0	0	0	0
chrM	5p	-	21	57	27	76	70	230	1	2	0	1	0	0	0	0	0	0	0	0	0	0	0	0	0	0	0	0	0
chrM	5p	-	22	58	44	68	60	230	2	4	0	1	0	0	0	0	0	0	0	0	0	0	0	0	0	0	0	0	0
chrM	5p	-	23	54	35	72	69	230	1	2	0	0	0	0	0	0	0	0	0	0	0	0	0	0	0	0	0	0	0
chrM	5p	-	24	56	27	77	70	230	0	1	1	0	0	0	0	0	0	0	0	0	0	0	0	0	0	0	0	0	0
chrM	5p	-	25	62	30	73	65	230	0	2	0	0	0	0	0	0	0	0	0	0	0	0	0	0	0	0	0	0	0
chrM	5p	-	26	55	28	71	76	230	1	1	0	0	0	0	0	0	0	0	0	0	0	0	0	0	0	0	0	0	0
chrM	5p	-	27	58	37	71	64	230	2	1	0	0	0	0	0	0	0	0	0	0	0	0	0	0	0	0	0	0	0
chrM	5p	-	28	57	28	75	70	230	3	0	0	0	0	0	0	0	0	0	0	0	0	0	0	0	0	0	0	0	0
chrM	5p	-	29	57	28	84	61	230	2	0	0	0	0	0	0	0	0	0	0	0	0	0	0	0	0	0	0	0	0
chrM	5p	-	30	60	28	77	65	230	1	0	0	0	0	0	0	0	0	0	0	0	0	0	0	0	0	0	0	0	0
chrM	5p	-	31	54	36	72	68	230	1	1	0	1	0	0	0	0	0	0	0	0	0	0	0	0	0	0	0	0	0
chrM	5p	-	32	53	40	75	62	230	0	0	0	0	0	0	0	0	0	0	0	0	0	0	0	0	0	0	0	0	0
chrM	5p	-	33	60	28	77	65	230	1	1	0	0	0	1	0	0	0	0	0	0	0	0	0	0	0	0	0	0	0
chrM	5p	-	34	55	31	76	68	230	4	1	0	0	0	0	0	0	0	0	0	0	0	0	0	0	0	0	0	0	0
chrM	5p	-	35	45	18	81	86	230	4	0	0	0	0	0	0	0	0	0	0	0	0	0	0	0	0	0	0	0	0
chrM	5p	-	36	48	37	71	74	230	2	2	0	0	0	0	0	0	0	0	0	0	0	0	0	0	0	0	0	0	0
chrM	5p	-	37	50	34	79	67	230	1	1	0	0	0	0	0	0	0	0	0	0	0	0	0	0	0	0	0	0	0
chrM	5p	-	38	58	24	75	73	230	2	1	0	0	0	0	0	0	0	0	0	0	0	0	0	0	0	0	0	0	0
chrM	5p	-	39	62	34	65	69	230	0	4	0	0	0	0	0	0	0	0	0	0	0	0	0	0	0	0	0	0	0
chrM	5p	-	40	54	28	80	68	230	2	1	0	2	0	0	0	0	0	0	0	0	0	0	0	0	0	0	0	0	0
chrM	5p	-	41	55	28	76	71	230	1	2	0	0	0	0	0	0	0	0	0	0	0	0	0	0	0	0	0	0	0
chrM	5p	-	42	56	24	67	83	230	1	0	0	1	0	0	0	0	0	0	0	0	0	0	0	0	0	0	0	0	0
chrM	5p	-	43	57	25	74	73	229	1	1	1	1	0	0	0	0	0	0	0	0	0	0	0	0	0	0	0	0	0
chrM	5p	-	44	60	20	80	70	230	2	1	1	1	0	0	0	0	0	0	0	0	0	0	0	1	0	0	0	0	0
chrM	5p	-	45	68	23	80	59	230	2	0	0	0	0	0	0	0	0	0	0	1	0	0	0	0	0	0	0	0	0
chrM	5p	-	46	62	25	72	70	229	1	1	0	0	0	0	0	0	0	0	0	0	0	0	0	0	0	1	0	0	0
chrM	5p	-	47	50	29	81	70	230	4	0	0	0	0	0	0	0	0	0	0	0	0	0	0	0	0	0	0	0	0
chrM	5p	-	48	66	34	67	63	230	2	0	0	0	0	0	0	0	0	0	0	0	0	0	0	0	0	0	0	0	0
chrM	5p	-	49	56	33	71	70	230	2	3	0	0	0	0	0	0	0	0	0	0	0	0	0	0	0	0	0	0	0
chrM	5p	-	50	62	29	78	61	230	2	0	0	0	0	0	0	0	0	0	0	0	0	0	0	0	0	0	0	0	0
chrM	5p	-	51	54	36	69	71	230	1	3	0	0	0	0	0	0	0	0	0	0	0	0	0	0	0	0	0	0	0
chrM	5p	-	52	58	32	75	65	230	3	2	0	0	0	0	0	0	0	0	0	0	0	0	0	0	0	0	0	0	0
chrM	5p	-	53	44	35	71	80	230	3	1	0	0	0	0	0	0	0	0	0	0	0	0	0	0	0	0	0	0	0
chrM	5p	-	54	60	36	69	65	230	2	1	0	0	0	0	0	0	0	0	0	0	0	0	0	0	0	0	0	0	0
chrM	5p	-	55	62	34	63	71	230	4	0	0	0	0	0	0	0	0	0	0	0	0	0	0	0	0	0	0	0	0
chrM	5p	-	56	64	31	62	73	230	1	1	0	0	0	0	0	0	0	0	0	0	0	0	0	0	0	0	0	0	0
chrM	5p	-	57	58	31	84	57	230	1	0	0	0	0	0	0	0	0	0	0	0	0	0	0	0	0	0	0	0	0
chrM	5p	-	58	69	24	68	69	230	2	0	1	0	0	0	0	0	0	0	0	0	0	0	0	0	0	0	0	0	0
chrM	5p	-	59	43	38	77	72	230	4	0	0	0	0	0	0	0	0	0	0	0	0	0	0	0	0	0	0	0	0
chrM	5p	-	60	65	29	76	60	230	4	2	0	0	0	0	0	0	0	0	0	0	0	0	0	0	0	0	0	0	0
chrM	5p	-	61	50	29	82	69	230	4	1	0	0	0	0	0	0	0	0	0	0	0	0	0	0	0	0	0	0	0
chrM	5p	-	62	58	26	84	62	230	6	0	0	0	0	0	0	0	0	0	0	0	0	0	0	0	0	0	0	0	0
chrM	5p	-	63	76	24	66	64	230	5	3	0	0	0	0	0	0	0	0	0	0	0	0	0	0	0	0	0	0	0
chrM	5p	-	64	70	26	71	63	230	6	0	0	1	0	0	0	0	0	0	0	0	0	0	0	0	0	0	0	0	0
chrM	5p	-	65	58	26	75	71	230	8	1	0	0	0	0	0	0	0	0	0	0	0	0	0	0	0	0	0	0	0
chrM	5p	-	66	54	30	75	71	230	3	0	0	1	0	0	0	1	0	0	0	0	0	0	0	0	0	0	0	0	0
chrM	5p	-	67	70	37	49	74	230	4	1	0	0	0	0	0	1	0	0	0	0	0	0	0	0	0	0	0	0	0
chrM	5p	-	68	39	43	81	66	229	8	1	0	1	0	0	0	0	1	0	0	0	0	0	0	0	1	0	0	0	0
chrM	5p	-	69	69	30	63	66	228	2	0	0	0	0	0	0	0	0	2	0	0	0	0	0	0	2	0	0	0	0
chrM	5p	-	70	72	24	71	62	229	4	0	0	0	0	0	0	1	1	1	0	0	0	0	0	0	0	1	0	0	0
