# table produced by mapDamage version 2.0.3
# using mapped file /ebc_data/cls83/Johns/JDS3_02/J-60/bam/J-60.truncated.aln.chrM_filtered_sort_umr_dedup_readgroups.bam and /ebc_data/cls83/indexes/chrM.fasta as reference file
# Chr: reference from sam/bam header, End: from which termini of DNA sequences, Std: strand of reads
Chr	End	Std	Pos	A	C	G	T	Total	G>A	C>T	A>G	T>C	A>C	A>T	C>G	C>A	T>G	T>A	G>C	G>T	A>-	T>-	C>-	G>-	->A	->T	->C	->G	S
chrM	3p	+	1	306	157	129	186	778	23	20	32	0	0	23	27	43	11	26	0	12	0	0	0	0	0	0	0	0	0
chrM	3p	+	2	257	217	103	200	777	19	0	22	4	2	0	18	41	15	47	2	0	0	0	1	0	0	0	1	0	0
chrM	3p	+	3	233	240	116	186	775	9	9	26	0	2	6	29	23	20	20	0	4	0	0	0	0	0	3	0	0	0
chrM	3p	+	4	264	242	97	172	775	20	0	3	0	3	3	1	40	1	22	0	0	0	0	0	0	3	0	0	0	0
chrM	3p	+	5	244	245	99	187	775	8	2	7	1	1	0	9	2	4	1	0	1	0	0	0	0	2	0	1	0	0
chrM	3p	+	6	250	228	97	197	772	7	1	2	0	0	0	2	7	3	4	0	0	0	0	0	1	4	2	0	0	0
chrM	3p	+	7	233	232	108	198	771	6	1	0	0	0	1	2	5	0	3	0	1	1	4	2	0	5	0	0	2	0
chrM	3p	+	8	233	238	106	198	775	3	0	0	1	0	0	0	1	0	1	0	0	1	0	1	1	1	0	1	1	0
chrM	3p	+	9	231	252	92	201	776	6	0	1	0	1	0	0	2	0	1	0	0	0	1	0	1	1	0	0	1	0
chrM	3p	+	10	218	243	102	213	776	5	1	2	0	0	0	0	0	0	0	0	0	0	1	0	0	2	0	0	0	0
chrM	3p	+	11	226	255	120	176	777	6	2	1	0	0	0	0	1	0	0	0	0	0	1	0	0	0	1	0	0	0
chrM	3p	+	12	228	232	96	222	778	7	1	0	0	0	0	0	1	0	0	0	1	0	0	0	0	0	0	0	0	0
chrM	3p	+	13	227	231	117	203	778	6	2	0	0	0	0	0	2	0	0	0	0	0	0	0	0	0	0	0	0	0
chrM	3p	+	14	225	269	96	188	778	4	1	0	0	0	1	0	1	0	0	0	0	0	0	0	0	0	0	0	0	0
chrM	3p	+	15	226	227	121	204	778	4	1	2	0	0	0	0	0	0	0	0	0	0	0	0	0	0	0	0	0	0
chrM	3p	+	16	231	247	100	200	778	2	0	1	0	0	0	0	3	0	1	0	0	0	0	0	0	0	0	0	0	0
chrM	3p	+	17	223	236	113	206	778	6	2	0	1	0	0	0	1	0	0	0	0	0	0	0	0	0	0	0	0	0
chrM	3p	+	18	251	242	110	175	778	3	0	0	0	0	0	0	0	0	0	0	0	0	0	1	0	0	0	0	0	0
chrM	3p	+	19	248	223	108	199	778	3	4	0	0	0	0	1	2	0	0	0	0	0	0	0	0	0	0	0	0	0
chrM	3p	+	20	228	256	94	200	778	3	3	1	0	0	0	0	0	0	0	0	0	0	0	0	0	0	0	0	0	0
chrM	3p	+	21	263	234	84	196	777	2	0	0	0	0	0	0	1	0	0	0	0	0	0	0	0	0	0	0	0	0
chrM	3p	+	22	215	249	126	188	778	6	1	0	0	0	0	0	2	0	1	0	0	0	0	0	0	0	0	0	0	0
chrM	3p	+	23	204	271	113	190	778	3	3	0	0	0	0	0	0	0	0	1	0	0	0	0	0	0	0	0	0	0
chrM	3p	+	24	220	247	101	210	778	4	2	0	0	1	0	0	0	0	0	0	0	0	0	0	0	0	0	0	0	0
chrM	3p	+	25	234	259	109	176	778	1	2	1	0	0	0	1	0	0	0	0	0	0	0	0	0	0	0	0	0	0
chrM	3p	+	26	254	240	104	180	778	5	4	1	0	0	0	0	0	0	0	0	0	0	0	0	0	0	0	0	0	0
chrM	3p	+	27	239	231	111	197	778	1	5	3	0	0	0	0	0	0	0	0	0	0	0	0	0	0	0	0	0	0
chrM	3p	+	28	221	244	116	197	778	2	3	1	0	0	0	0	0	0	0	0	0	0	0	0	0	0	0	0	0	0
chrM	3p	+	29	262	239	108	169	778	5	7	1	0	0	0	0	0	0	0	0	0	0	0	0	0	0	0	0	0	0
chrM	3p	+	30	229	227	112	210	778	2	4	0	0	0	0	0	0	0	0	0	0	0	0	0	0	0	0	0	0	0
chrM	3p	+	31	227	248	108	195	778	2	5	1	0	0	0	0	0	0	0	0	0	0	0	0	0	0	0	0	0	0
chrM	3p	+	32	245	235	112	186	778	5	5	0	0	0	0	0	0	0	0	0	0	0	0	0	0	0	0	0	0	0
chrM	3p	+	33	245	254	97	182	778	0	3	0	0	0	0	0	4	0	0	0	0	0	0	0	0	0	0	0	0	0
chrM	3p	+	34	244	260	101	172	777	2	4	0	0	0	0	0	0	0	0	0	0	0	0	0	0	0	0	0	1	0
chrM	3p	+	35	233	234	129	181	777	3	11	0	0	0	0	0	0	0	0	0	1	0	0	0	0	1	0	0	0	0
chrM	3p	+	36	241	249	117	171	778	1	3	0	0	0	0	0	1	1	0	0	0	0	0	0	0	0	0	0	0	0
chrM	3p	+	37	231	243	108	195	777	3	4	0	0	0	0	0	1	0	0	0	0	0	0	0	0	1	0	0	0	0
chrM	3p	+	38	232	252	105	188	777	5	7	0	0	0	0	0	1	0	0	0	0	0	0	0	0	0	0	0	0	0
chrM	3p	+	39	233	266	87	192	778	3	9	0	0	1	0	0	0	0	0	0	0	0	0	0	0	0	0	0	0	0
chrM	3p	+	40	247	243	87	201	778	1	6	0	0	0	0	0	0	0	0	0	0	0	0	0	0	0	0	0	0	0
chrM	3p	+	41	246	236	97	199	778	3	4	1	0	0	0	0	0	0	0	0	0	0	0	0	0	0	0	0	0	0
chrM	3p	+	42	244	254	114	166	778	3	7	0	0	0	0	0	0	0	0	0	0	0	0	0	0	0	0	0	0	0
chrM	3p	+	43	230	259	93	196	778	0	9	0	0	0	0	0	1	0	0	0	0	0	0	0	0	0	0	0	0	0
chrM	3p	+	44	253	233	106	185	777	2	4	0	0	0	0	0	0	0	0	0	0	1	0	0	0	1	0	0	0	0
chrM	3p	+	45	252	264	95	165	776	1	7	0	0	0	0	0	0	0	0	0	0	0	0	0	0	2	0	0	0	0
chrM	3p	+	46	243	230	109	196	778	1	5	0	0	0	0	0	0	0	0	0	0	0	0	0	0	0	0	0	0	0
chrM	3p	+	47	248	243	103	184	778	3	5	0	1	1	0	0	0	0	0	1	0	0	0	0	0	0	0	0	0	0
chrM	3p	+	48	241	230	102	205	778	1	4	1	0	0	0	0	0	0	0	0	0	0	0	0	0	0	0	0	0	0
chrM	3p	+	49	229	234	101	214	778	2	6	0	0	0	1	0	0	0	0	1	0	0	0	0	0	0	0	0	0	0
chrM	3p	+	50	242	249	102	185	778	3	6	1	0	0	0	0	1	0	0	0	0	0	0	0	0	0	0	0	0	0
chrM	3p	+	51	249	244	109	176	778	0	4	0	0	0	0	0	0	0	0	0	0	0	0	0	0	0	0	0	0	0
chrM	3p	+	52	218	251	112	197	778	3	4	0	0	0	0	0	0	0	0	0	0	0	0	0	0	0	0	0	0	0
chrM	3p	+	53	236	242	122	177	777	1	6	1	0	0	0	0	0	0	0	0	0	0	0	0	1	0	1	0	0	0
chrM	3p	+	54	229	239	127	183	778	1	5	0	1	0	1	0	0	0	0	0	0	0	0	0	0	0	0	0	0	0
chrM	3p	+	55	225	236	114	202	777	3	2	0	0	0	0	0	0	0	0	0	0	0	0	0	0	0	0	0	0	0
chrM	3p	+	56	242	231	103	202	778	1	3	0	0	0	0	0	0	0	0	0	0	0	0	0	0	0	0	0	0	0
chrM	3p	+	57	220	263	106	189	778	2	6	0	0	0	0	1	0	0	0	0	0	0	0	0	0	0	0	0	0	0
chrM	3p	+	58	248	233	111	186	778	2	2	1	0	0	0	0	0	0	0	0	0	0	0	0	0	0	0	0	0	0
chrM	3p	+	59	259	218	106	195	778	0	4	0	0	0	0	0	0	0	0	0	0	0	0	0	0	0	0	0	0	0
chrM	3p	+	60	221	246	112	199	778	0	3	0	0	0	0	0	0	0	0	0	0	0	0	0	0	0	0	0	0	0
chrM	3p	+	61	235	247	103	193	778	0	4	0	0	0	0	0	0	0	0	0	0	0	0	0	0	0	0	0	0	0
chrM	3p	+	62	243	249	114	172	778	0	4	0	0	0	0	0	0	0	0	0	0	0	0	0	0	0	0	0	0	0
chrM	3p	+	63	222	268	115	173	778	1	7	1	0	0	0	0	0	0	0	0	0	0	0	0	0	0	0	0	0	0
chrM	3p	+	64	215	245	124	194	778	2	3	0	0	0	0	0	0	0	0	0	0	0	0	0	0	0	0	0	0	0
chrM	3p	+	65	237	241	112	188	778	2	6	0	0	0	0	0	0	0	0	0	0	0	0	0	0	0	0	0	0	0
chrM	3p	+	66	244	232	103	199	778	2	9	0	1	0	0	0	1	0	0	0	0	0	0	0	0	0	0	0	0	0
chrM	3p	+	67	231	220	109	218	778	0	6	1	0	0	0	0	0	0	0	0	0	0	0	0	0	0	0	0	0	0
chrM	3p	+	68	243	253	108	174	778	2	10	0	0	0	0	0	0	0	0	0	0	0	0	0	0	0	0	0	0	0
chrM	3p	+	69	218	251	109	200	778	0	9	0	0	0	1	0	1	0	0	0	0	0	0	0	0	0	0	0	0	0
chrM	3p	+	70	234	235	118	191	778	0	8	0	0	0	0	0	0	0	0	0	0	0	0	0	0	0	0	0	0	0
chrM	3p	-	1	251	89	312	240	892	51	22	23	0	1	26	18	24	19	46	0	31	0	0	0	0	0	0	0	0	0
chrM	3p	-	2	215	109	301	266	891	59	1	16	11	4	0	8	41	25	48	7	1	0	0	0	0	0	0	0	1	0
chrM	3p	-	3	213	117	299	258	887	38	1	27	5	9	1	13	14	31	24	7	1	0	0	0	0	1	1	1	2	0
chrM	3p	-	4	204	130	270	278	882	53	1	1	4	4	1	1	27	0	56	1	5	0	0	0	0	5	2	3	0	0
chrM	3p	-	5	225	100	291	271	887	28	1	3	2	3	2	3	4	6	4	0	2	0	3	0	2	2	3	0	0	0
chrM	3p	-	6	228	116	275	261	880	20	1	0	1	0	2	0	6	3	15	1	0	0	0	0	2	7	0	0	5	0
chrM	3p	-	7	237	122	293	237	889	20	0	0	0	0	0	0	8	0	9	0	1	0	4	3	2	0	0	0	3	0
chrM	3p	-	8	231	135	263	258	887	9	1	1	1	0	0	0	3	0	1	1	0	1	2	1	1	2	1	2	0	0
chrM	3p	-	9	200	120	274	298	892	11	0	0	0	0	1	0	0	1	4	0	0	0	0	1	0	0	0	0	0	0
chrM	3p	-	10	206	126	271	289	892	11	1	0	0	0	0	0	0	0	1	1	0	0	2	0	0	0	0	0	0	0
chrM	3p	-	11	215	116	290	271	892	9	1	0	1	0	0	0	0	0	0	0	0	0	1	0	0	0	0	0	0	0
chrM	3p	-	12	218	122	284	268	892	4	2	0	0	0	0	0	0	0	2	1	0	0	0	0	1	0	0	0	0	0
chrM	3p	-	13	216	112	290	273	891	11	1	0	0	0	0	0	0	0	1	0	1	0	0	0	0	0	0	0	0	0
chrM	3p	-	14	232	114	284	262	892	9	1	0	0	0	0	0	0	0	0	0	0	0	0	0	0	0	0	0	0	0
chrM	3p	-	15	218	120	274	280	892	9	1	1	2	0	0	0	0	0	0	0	0	0	0	0	0	0	0	0	0	0
chrM	3p	-	16	224	129	281	258	892	5	2	0	0	0	0	0	0	0	0	0	0	0	0	0	0	0	0	0	0	0
chrM	3p	-	17	207	118	273	294	892	5	3	1	0	0	0	0	0	0	1	0	1	0	0	0	0	0	0	0	0	0
chrM	3p	-	18	209	129	281	272	891	9	0	0	0	0	0	0	1	0	0	0	0	0	0	0	0	0	0	0	1	0
chrM	3p	-	19	231	122	277	262	892	7	4	0	1	0	0	0	0	0	0	0	0	0	0	0	0	0	0	0	0	0
chrM	3p	-	20	207	131	271	283	892	6	2	0	3	0	0	0	0	0	0	0	0	0	0	0	0	0	0	0	0	0
chrM	3p	-	21	208	125	301	258	892	4	0	0	0	0	0	0	0	0	0	0	0	0	0	0	0	0	0	0	0	0
chrM	3p	-	22	255	110	270	257	892	6	3	0	1	0	0	0	0	0	1	0	0	0	0	0	0	0	0	0	0	0
chrM	3p	-	23	205	109	296	282	892	11	1	0	1	0	0	0	1	0	0	0	0	0	0	0	0	0	0	0	0	0
chrM	3p	-	24	226	117	266	283	892	10	3	0	0	0	0	0	1	0	0	0	0	0	0	0	0	0	0	0	0	0
chrM	3p	-	25	236	123	281	252	892	9	1	0	0	0	0	0	0	0	0	0	0	0	0	0	0	0	0	0	0	0
chrM	3p	-	26	221	111	280	280	892	7	4	0	0	0	0	0	0	0	0	0	0	0	0	0	0	0	0	0	0	0
chrM	3p	-	27	238	121	270	263	892	3	3	1	1	0	0	0	1	0	0	0	0	0	1	0	0	0	0	0	0	0
chrM	3p	-	28	235	123	287	247	892	10	3	0	1	0	0	0	0	0	0	0	1	0	0	1	0	0	0	0	0	0
chrM	3p	-	29	225	115	286	266	892	5	2	0	2	0	0	0	0	0	0	0	1	0	0	0	0	0	0	0	0	0
chrM	3p	-	30	208	116	268	300	892	4	1	0	0	0	0	0	0	0	0	0	0	0	0	0	0	0	0	0	0	0
chrM	3p	-	31	207	124	297	264	892	7	5	0	0	0	0	0	0	0	0	0	0	0	0	0	0	0	0	0	0	0
chrM	3p	-	32	224	103	292	273	892	5	4	0	0	0	0	0	0	0	0	0	0	0	0	0	1	0	0	0	0	0
chrM	3p	-	33	220	125	268	279	892	7	3	0	0	0	0	0	0	0	0	0	1	0	0	0	0	0	0	0	0	0
chrM	3p	-	34	206	126	289	271	892	2	1	0	0	0	0	0	0	0	1	0	0	0	0	0	0	0	0	0	0	0
chrM	3p	-	35	204	118	274	296	892	6	3	0	0	0	0	0	0	0	0	0	0	0	0	0	0	0	0	0	0	0
chrM	3p	-	36	196	111	300	285	892	6	4	0	0	0	0	0	0	0	0	0	0	0	0	0	0	0	0	0	0	0
chrM	3p	-	37	211	121	280	280	892	11	0	0	0	0	0	0	0	0	0	0	0	0	0	0	0	0	0	0	0	0
chrM	3p	-	38	213	113	288	278	892	4	5	0	0	0	0	0	0	0	0	0	0	0	0	0	0	0	0	0	0	0
chrM	3p	-	39	229	121	274	268	892	4	3	0	0	0	0	1	0	0	0	0	0	0	1	0	0	0	0	0	0	0
chrM	3p	-	40	211	141	281	259	892	5	3	0	0	0	0	0	0	0	0	0	0	0	0	0	0	0	0	0	0	0
chrM	3p	-	41	212	122	273	285	892	3	2	0	0	0	0	0	0	0	0	0	0	0	0	0	0	0	0	0	0	0
chrM	3p	-	42	237	104	295	256	892	3	3	0	0	0	0	0	0	0	0	1	0	0	0	0	0	0	0	0	0	0
chrM	3p	-	43	218	122	278	274	892	1	4	1	1	0	0	0	0	0	0	0	0	0	0	0	0	0	0	0	0	0
chrM	3p	-	44	248	102	270	272	892	2	2	1	0	0	0	0	0	0	0	0	0	0	0	0	0	0	0	0	0	0
chrM	3p	-	45	236	124	276	256	892	4	6	0	0	0	0	0	0	0	0	0	0	0	0	0	0	0	0	0	0	0
chrM	3p	-	46	237	124	259	272	892	7	1	0	0	0	0	0	2	0	0	0	0	0	0	0	0	0	0	0	0	0
chrM	3p	-	47	207	127	279	279	892	2	2	0	0	0	0	0	0	0	0	0	0	0	0	0	0	0	0	0	0	0
chrM	3p	-	48	241	122	267	262	892	3	5	0	0	0	0	0	0	0	0	0	0	0	0	0	0	0	0	0	0	0
chrM	3p	-	49	228	125	300	239	892	1	0	0	1	0	0	0	0	0	0	0	0	0	0	0	0	0	0	0	0	0
chrM	3p	-	50	218	109	274	291	892	2	3	0	0	0	0	0	0	0	0	0	0	0	0	0	0	0	0	0	0	0
chrM	3p	-	51	214	128	269	281	892	3	2	0	0	0	1	0	0	1	0	0	0	0	0	0	0	0	0	0	0	0
chrM	3p	-	52	225	119	259	289	892	3	2	0	0	0	0	0	0	0	0	0	0	0	0	0	0	0	0	0	0	0
chrM	3p	-	53	227	117	306	242	892	4	2	1	0	0	0	0	0	0	0	0	0	0	0	0	0	0	0	0	0	0
chrM	3p	-	54	223	124	266	279	892	6	1	0	0	0	0	0	0	0	0	0	0	0	0	0	0	0	0	0	0	0
chrM	3p	-	55	205	113	287	287	892	4	4	0	2	0	0	0	0	0	0	0	0	0	0	0	0	0	0	0	0	0
chrM	3p	-	56	199	130	278	285	892	3	7	0	1	0	0	0	0	0	0	0	0	0	0	0	0	0	0	0	0	0
chrM	3p	-	57	217	121	275	279	892	0	2	0	1	0	0	0	0	0	0	0	0	0	0	0	0	0	0	0	0	0
chrM	3p	-	58	227	134	266	265	892	2	3	0	0	0	0	0	0	0	0	0	0	0	0	0	0	0	0	0	0	0
chrM	3p	-	59	218	122	284	268	892	1	5	0	0	0	0	0	0	0	0	0	0	0	0	1	0	0	0	0	0	0
chrM	3p	-	60	229	120	269	274	892	0	2	0	1	0	0	0	0	0	0	0	0	0	0	0	0	0	0	0	0	0
chrM	3p	-	61	218	116	281	277	892	2	3	0	1	0	0	0	0	0	0	0	0	0	0	0	0	0	0	0	0	0
chrM	3p	-	62	207	115	297	273	892	0	5	0	0	0	0	0	1	0	0	0	0	0	0	0	0	0	0	0	0	0
chrM	3p	-	63	217	127	266	282	892	1	5	0	0	0	0	0	0	0	0	0	0	0	0	0	0	0	0	0	0	0
chrM	3p	-	64	216	125	255	296	892	1	3	0	0	0	0	0	0	0	0	0	0	0	0	0	0	0	0	0	0	0
chrM	3p	-	65	210	122	290	270	892	1	5	0	3	0	0	0	0	0	0	0	0	0	0	0	0	0	0	0	0	0
chrM	3p	-	66	201	132	292	267	892	0	2	0	0	0	0	0	1	0	0	0	0	0	0	0	0	0	0	0	0	0
chrM	3p	-	67	205	139	272	276	892	1	8	0	0	0	0	0	0	0	0	0	0	0	0	0	0	0	0	0	0	0
chrM	3p	-	68	230	99	299	264	892	2	4	2	0	0	0	0	0	0	0	0	0	0	0	0	0	0	0	0	0	0
chrM	3p	-	69	220	120	280	272	892	2	3	0	0	0	0	0	0	0	0	0	1	0	0	0	0	0	0	0	0	0
chrM	3p	-	70	197	131	270	294	892	0	8	3	0	1	0	0	0	0	0	0	0	0	0	0	0	0	0	0	0	0
chrM	5p	+	1	178	262	116	222	778	1	52	2	0	0	0	1	0	0	0	0	0	0	0	0	0	0	0	0	0	0
chrM	5p	+	2	270	209	109	190	778	0	28	0	0	1	0	0	0	0	0	0	0	0	0	0	0	0	0	0	0	0
chrM	5p	+	3	234	248	104	192	778	0	28	0	0	0	0	0	0	0	0	0	0	0	0	0	0	0	0	0	0	0
chrM	5p	+	4	224	239	109	206	778	0	17	1	0	0	0	2	1	0	0	0	0	0	0	0	0	0	0	0	0	0
chrM	5p	+	5	247	236	104	191	778	0	16	0	0	0	0	0	0	0	0	0	0	0	0	0	0	0	0	0	0	0
chrM	5p	+	6	254	198	126	200	778	0	9	0	0	0	1	0	0	0	0	0	0	0	0	0	0	0	0	0	0	0
chrM	5p	+	7	230	252	114	182	778	0	5	0	0	0	0	0	1	0	0	0	0	0	0	0	0	0	0	0	0	0
chrM	5p	+	8	221	259	102	196	778	0	10	1	0	0	0	0	0	0	0	0	0	0	0	0	0	0	0	0	0	0
chrM	5p	+	9	238	234	111	195	778	2	9	0	0	0	0	0	0	0	0	0	0	0	0	0	0	0	0	0	0	0
chrM	5p	+	10	227	238	117	196	778	0	7	0	0	0	0	0	0	0	0	0	0	0	0	0	0	0	0	0	0	0
chrM	5p	+	11	246	233	96	203	778	3	10	0	1	0	0	0	1	0	0	0	0	0	0	0	0	0	0	0	0	0
chrM	5p	+	12	233	238	124	183	778	1	3	0	0	0	0	0	0	0	0	0	0	0	0	0	0	0	0	0	0	0
chrM	5p	+	13	219	235	129	195	778	2	5	0	0	0	0	0	0	0	0	0	0	0	0	0	0	0	0	0	0	0
chrM	5p	+	14	235	271	102	170	778	1	4	1	0	0	0	0	0	0	0	0	0	0	0	0	0	0	0	0	0	0
chrM	5p	+	15	237	251	104	186	778	0	4	0	0	0	0	0	0	0	0	0	0	0	0	0	0	0	0	0	0	0
chrM	5p	+	16	223	254	115	186	778	0	5	0	0	0	0	0	0	0	0	0	0	0	0	0	0	0	0	0	0	0
chrM	5p	+	17	235	239	101	203	778	0	3	0	0	0	0	0	0	0	0	0	0	0	0	0	0	0	0	0	0	0
chrM	5p	+	18	262	214	114	188	778	1	5	0	0	0	0	0	0	0	0	0	0	0	0	0	0	0	0	0	0	0
chrM	5p	+	19	247	219	115	197	778	2	3	1	0	0	0	0	0	0	0	0	0	0	0	0	0	0	0	0	0	0
chrM	5p	+	20	212	275	113	178	778	3	3	0	0	0	0	1	0	0	0	0	0	0	0	0	0	0	0	0	0	0
chrM	5p	+	21	247	230	112	188	777	0	3	0	0	0	0	0	0	0	0	0	0	0	0	0	0	0	0	0	0	0
chrM	5p	+	22	212	240	112	214	778	3	3	0	0	0	0	0	0	0	0	0	0	0	0	0	0	0	0	0	0	0
chrM	5p	+	23	236	244	116	181	777	1	7	0	1	0	1	0	0	0	0	0	0	0	0	0	1	0	1	0	0	0
chrM	5p	+	24	251	234	117	176	778	0	4	1	0	0	0	0	0	0	0	0	0	0	0	0	0	0	0	0	0	0
chrM	5p	+	25	224	250	109	195	778	4	3	0	0	0	0	0	0	0	0	0	0	0	0	0	0	0	0	0	0	0
chrM	5p	+	26	225	256	98	199	778	0	5	0	0	0	0	0	0	0	0	0	0	0	0	0	0	0	0	0	0	0
chrM	5p	+	27	260	233	107	178	778	2	6	1	0	0	1	0	1	0	0	1	0	0	0	0	0	0	0	0	0	0
chrM	5p	+	28	218	238	104	218	778	2	4	1	0	0	0	0	0	0	0	0	0	0	0	0	0	0	0	0	0	0
chrM	5p	+	29	238	240	103	197	778	2	5	0	1	0	0	0	0	0	0	0	0	0	0	0	0	0	0	0	0	0
chrM	5p	+	30	255	244	95	184	778	3	6	0	0	1	0	0	0	0	0	1	0	0	0	0	0	0	0	0	0	0
chrM	5p	+	31	256	219	114	189	778	0	5	0	0	0	0	0	0	0	0	0	0	0	0	0	0	0	0	0	0	0
chrM	5p	+	32	227	265	106	178	776	1	7	0	0	0	0	0	0	0	0	0	0	0	0	0	0	2	0	0	0	0
chrM	5p	+	33	250	250	96	181	777	2	4	0	0	0	0	0	0	0	0	0	0	0	0	0	0	1	0	0	0	0
chrM	5p	+	34	233	248	107	190	778	2	9	0	0	0	0	0	1	0	0	0	0	1	0	0	0	0	0	0	0	0
chrM	5p	+	35	246	257	100	175	778	2	10	0	0	0	0	0	0	0	0	0	0	0	0	0	0	0	0	0	0	0
chrM	5p	+	36	244	231	106	197	778	3	4	1	0	0	0	0	0	0	0	0	0	0	0	0	0	0	0	0	0	0
chrM	5p	+	37	245	260	80	193	778	2	5	0	0	0	0	0	0	0	0	0	0	0	0	0	0	0	0	0	0	0
chrM	5p	+	38	234	258	86	200	778	1	9	0	0	1	0	0	0	0	0	0	0	0	0	0	0	0	0	0	0	0
chrM	5p	+	39	250	241	109	177	777	7	7	0	0	0	0	0	1	0	0	0	0	0	0	0	0	0	0	0	0	0
chrM	5p	+	40	213	254	121	189	777	2	6	0	0	0	0	0	1	0	0	0	0	0	0	0	0	1	0	0	0	0
chrM	5p	+	41	245	232	123	178	778	3	1	0	0	0	0	0	1	1	0	0	1	0	0	0	0	0	0	0	0	0
chrM	5p	+	42	239	249	114	175	777	1	7	0	0	0	0	0	0	0	0	0	0	0	0	0	0	1	0	0	0	0
chrM	5p	+	43	245	237	105	190	777	2	5	0	0	0	0	0	0	0	0	0	0	0	0	0	0	0	0	0	1	0
chrM	5p	+	44	236	283	87	172	778	2	5	0	0	0	0	0	4	0	0	0	0	0	0	0	0	0	0	0	0	0
chrM	5p	+	45	245	227	116	190	778	3	5	0	0	0	0	0	0	0	0	0	0	0	0	0	0	0	0	0	0	0
chrM	5p	+	46	222	240	108	208	778	1	7	2	0	0	0	0	0	0	0	0	0	0	0	0	0	0	0	0	0	0
chrM	5p	+	47	232	243	113	190	778	3	4	0	0	0	0	0	0	0	0	0	0	0	0	0	0	0	0	0	0	0
chrM	5p	+	48	268	227	109	174	778	4	4	0	0	0	0	0	0	0	0	0	0	0	0	0	0	0	0	0	0	0
chrM	5p	+	49	228	242	111	197	778	3	3	2	0	0	0	0	0	0	0	0	0	0	0	0	0	0	0	0	0	0
chrM	5p	+	50	227	243	105	203	778	2	3	2	0	0	0	0	0	0	0	0	0	0	0	0	0	0	0	0	0	0
chrM	5p	+	51	260	244	111	163	778	3	4	2	0	0	0	0	0	0	0	0	0	0	0	0	0	0	0	0	0	0
chrM	5p	+	52	219	237	117	205	778	3	2	0	0	0	0	1	0	0	0	0	0	0	0	0	0	0	0	0	0	0
chrM	5p	+	53	222	263	105	188	778	5	2	0	0	1	0	0	0	0	0	0	0	0	0	0	0	0	0	0	0	0
chrM	5p	+	54	233	256	106	183	778	4	3	0	0	0	0	0	1	0	0	1	0	0	0	0	0	0	0	0	0	0
chrM	5p	+	55	205	239	119	215	778	3	1	0	0	0	0	0	1	0	1	0	0	0	0	0	0	0	0	0	0	0
chrM	5p	+	56	253	239	89	196	777	2	3	0	0	0	0	0	2	0	0	0	0	0	0	0	0	0	0	0	0	0
chrM	5p	+	57	239	249	112	178	778	3	4	1	0	0	0	0	0	0	0	0	0	0	0	0	0	0	0	0	0	0
chrM	5p	+	58	244	221	103	210	778	5	1	0	0	0	0	1	1	0	0	0	0	0	0	1	0	0	0	0	0	0
chrM	5p	+	59	235	265	93	185	778	5	0	1	1	0	0	0	0	0	1	0	0	0	0	0	0	0	0	0	0	0
chrM	5p	+	60	247	226	108	197	778	2	1	0	0	0	0	0	1	0	0	0	0	0	0	0	0	0	0	0	0	0
chrM	5p	+	61	214	235	115	214	778	1	0	1	0	0	0	0	3	0	0	0	0	0	0	0	0	0	0	0	0	0
chrM	5p	+	62	229	256	105	188	778	4	2	1	0	0	0	0	0	0	0	0	0	0	0	0	0	0	0	0	0	0
chrM	5p	+	63	230	253	107	188	778	6	1	0	0	0	1	0	2	0	0	0	0	0	0	0	0	0	0	0	0	0
chrM	5p	+	64	212	229	116	221	778	7	1	0	0	0	0	0	1	0	0	0	0	0	0	0	0	0	0	0	0	0
chrM	5p	+	65	237	254	89	198	778	7	3	1	0	0	0	0	1	0	0	0	1	0	0	0	0	0	0	0	0	0
chrM	5p	+	66	226	250	124	177	777	6	0	1	0	0	0	0	1	0	0	0	0	0	0	0	0	0	1	0	0	0
chrM	5p	+	67	232	224	102	217	775	5	1	1	0	0	0	0	0	0	1	0	0	0	1	0	0	2	0	0	1	0
chrM	5p	+	68	222	261	83	210	776	3	0	1	1	1	0	0	2	0	1	0	1	0	1	0	0	1	0	1	0	0
chrM	5p	+	69	235	231	126	183	775	7	0	0	0	0	0	0	1	0	0	0	0	0	0	0	0	2	0	0	1	0
chrM	5p	+	70	236	230	100	206	772	3	1	0	0	0	1	2	5	0	3	0	0	0	1	1	1	4	0	0	2	0
chrM	5p	-	1	166	124	279	323	892	2	30	0	1	0	0	1	0	0	2	0	0	0	0	0	0	0	0	0	0	0
chrM	5p	-	2	197	110	287	298	892	0	18	0	0	0	0	0	0	0	0	0	0	0	0	0	0	0	0	0	0	0
chrM	5p	-	3	252	119	244	277	892	1	8	0	0	0	0	0	1	0	0	0	0	0	0	0	0	0	0	0	0	0
chrM	5p	-	4	222	105	280	285	892	0	8	0	0	0	0	0	0	0	0	0	0	0	0	0	0	0	0	0	0	0
chrM	5p	-	5	230	120	265	277	892	0	6	0	1	1	0	0	0	0	0	0	0	0	0	0	0	0	0	0	0	0
chrM	5p	-	6	239	117	278	258	892	1	8	1	0	0	0	0	1	0	0	0	0	0	0	0	0	0	0	0	0	0
chrM	5p	-	7	199	135	283	275	892	0	9	2	0	0	0	0	1	0	0	0	0	0	0	0	0	0	0	0	0	0
chrM	5p	-	8	235	116	261	280	892	3	2	0	0	0	0	0	0	0	0	0	1	0	0	0	0	0	0	0	0	0
chrM	5p	-	9	228	101	299	264	892	2	6	2	1	0	0	0	0	0	0	0	0	0	0	0	0	0	0	0	0	0
chrM	5p	-	10	182	145	287	278	892	0	6	0	0	0	0	0	0	0	0	0	0	0	0	0	0	0	0	0	0	0
chrM	5p	-	11	208	134	277	273	892	0	5	0	1	0	0	0	0	0	0	0	0	0	0	0	0	0	0	0	0	0
chrM	5p	-	12	211	124	291	266	892	0	3	0	1	0	0	0	0	0	0	0	0	0	0	0	0	0	0	0	0	0
chrM	5p	-	13	219	122	254	297	892	2	4	0	0	0	0	0	0	0	0	0	0	0	0	0	0	0	0	0	0	0
chrM	5p	-	14	218	119	271	284	892	1	2	0	0	0	0	0	0	0	0	0	0	0	0	0	0	0	0	0	0	0
chrM	5p	-	15	217	111	310	254	892	0	6	0	0	0	0	0	1	0	0	0	0	0	0	0	0	0	0	0	0	0
chrM	5p	-	16	211	124	276	281	892	2	3	0	1	0	0	0	0	0	0	0	0	0	0	0	0	0	0	0	0	0
chrM	5p	-	17	231	110	277	274	892	0	2	0	1	0	0	0	0	0	0	0	0	0	0	0	0	0	0	0	0	0
chrM	5p	-	18	213	139	277	263	892	1	5	0	0	0	0	0	0	0	0	0	0	0	0	0	0	0	0	0	0	0
chrM	5p	-	19	236	130	246	280	892	2	2	0	0	0	0	0	0	0	0	0	0	0	0	1	0	0	0	0	0	0
chrM	5p	-	20	203	115	284	290	892	0	6	0	1	0	0	0	0	0	0	0	0	0	0	0	0	0	0	0	0	0
chrM	5p	-	21	210	130	281	271	892	3	3	0	1	0	0	0	0	0	0	0	0	0	0	0	0	0	0	0	0	0
chrM	5p	-	22	193	116	295	288	892	4	5	0	2	0	0	0	0	0	0	0	0	0	0	0	0	0	0	0	0	0
chrM	5p	-	23	208	128	277	279	892	7	1	0	0	0	0	0	0	0	0	0	0	0	0	0	0	0	0	0	0	0
chrM	5p	-	24	257	116	279	240	892	3	2	1	0	0	0	0	0	0	0	0	0	0	0	0	0	0	0	0	0	0
chrM	5p	-	25	205	129	267	291	892	3	1	0	0	0	0	0	0	0	0	0	0	0	0	0	0	0	0	0	0	0
chrM	5p	-	26	231	112	261	288	892	3	2	0	0	0	1	0	0	1	0	0	0	0	0	0	0	0	0	0	0	0
chrM	5p	-	27	225	110	281	276	892	2	4	0	0	0	0	0	0	0	0	0	0	0	0	0	0	0	0	0	0	0
chrM	5p	-	28	215	130	302	245	892	2	0	0	1	0	0	0	0	0	0	0	0	0	0	0	0	0	0	0	0	0
chrM	5p	-	29	234	123	265	270	892	2	4	0	0	0	0	0	0	0	0	0	0	0	0	0	0	0	0	0	0	0
chrM	5p	-	30	223	124	278	267	892	2	2	0	0	0	0	0	0	0	0	0	0	0	0	0	0	0	0	0	0	0
chrM	5p	-	31	230	137	250	275	892	6	2	0	0	0	0	0	2	0	0	0	0	0	0	0	0	0	0	0	0	0
chrM	5p	-	32	242	111	290	249	892	6	6	0	0	0	0	0	0	0	0	0	0	0	0	0	0	0	0	0	0	0
chrM	5p	-	33	247	111	270	264	892	1	1	2	0	0	0	0	0	0	0	0	0	0	0	0	0	0	0	0	0	0
chrM	5p	-	34	205	115	283	289	892	3	4	0	1	0	0	0	0	0	0	0	0	0	0	0	0	0	0	0	0	0
chrM	5p	-	35	237	113	284	258	892	2	3	0	0	0	0	0	0	0	0	1	0	0	0	0	0	0	0	0	0	0
chrM	5p	-	36	229	107	279	277	892	5	2	0	0	0	0	0	0	0	0	0	0	0	0	0	0	0	0	0	0	0
chrM	5p	-	37	202	145	282	263	892	5	4	0	0	0	0	0	0	0	0	0	0	0	0	0	0	0	0	0	0	0
chrM	5p	-	38	220	124	278	270	892	6	3	0	0	0	0	1	0	0	0	0	0	0	0	0	0	0	0	0	0	0
chrM	5p	-	39	226	109	289	268	892	3	4	0	0	0	0	0	0	0	0	0	0	0	1	0	0	0	0	0	0	0
chrM	5p	-	40	200	123	286	283	892	8	1	0	0	0	0	0	0	0	0	0	0	0	0	0	0	0	0	0	0	0
chrM	5p	-	41	188	110	299	295	892	7	5	0	0	0	0	0	0	0	0	0	0	0	0	0	0	0	0	0	0	0
chrM	5p	-	42	209	120	275	288	892	5	2	0	0	0	0	0	0	0	0	0	0	0	0	0	0	0	0	0	0	0
chrM	5p	-	43	209	131	282	270	892	3	1	0	0	0	0	0	0	0	1	0	0	0	0	0	0	0	0	0	0	0
chrM	5p	-	44	227	111	276	278	892	8	3	0	0	0	0	0	0	0	0	0	1	0	0	0	0	0	0	0	0	0
chrM	5p	-	45	219	111	285	277	892	2	3	0	0	0	0	0	0	0	0	0	0	0	0	0	1	0	0	0	0	0
chrM	5p	-	46	212	117	291	272	892	8	7	0	0	0	0	0	0	0	0	0	0	0	0	0	0	0	0	0	0	0
chrM	5p	-	47	210	116	276	290	892	5	1	0	1	0	0	0	0	0	0	0	0	0	0	0	0	0	0	0	0	0
chrM	5p	-	48	222	113	283	274	892	4	0	0	1	0	0	0	0	0	0	0	1	0	0	0	0	0	0	0	0	0
chrM	5p	-	49	235	129	286	242	892	10	3	0	1	0	0	0	1	0	0	0	1	0	0	0	0	0	0	0	0	0
chrM	5p	-	50	230	116	269	277	892	4	2	1	1	0	0	0	0	0	0	0	0	0	0	0	0	0	0	0	0	0
chrM	5p	-	51	228	113	279	272	892	6	5	0	0	0	0	0	0	0	0	0	0	0	0	1	0	0	0	0	0	0
chrM	5p	-	52	227	131	272	262	892	10	1	0	0	0	0	0	0	0	0	0	0	0	1	0	0	0	0	0	0	0
chrM	5p	-	53	218	114	280	280	892	10	3	0	0	0	0	0	1	0	0	0	0	0	0	0	0	0	0	0	0	0
chrM	5p	-	54	230	101	295	266	892	11	2	0	1	0	0	0	1	0	0	0	0	0	0	0	0	0	0	0	0	0
chrM	5p	-	55	245	122	267	258	892	6	2	0	1	0	0	0	0	0	1	0	0	0	0	0	0	0	0	0	0	0
chrM	5p	-	56	209	128	288	267	892	4	0	0	1	0	0	0	0	0	0	0	0	0	0	0	0	0	0	0	0	0
chrM	5p	-	57	217	126	277	272	892	4	2	0	2	0	0	0	0	0	0	0	0	0	0	0	0	0	0	0	0	0
chrM	5p	-	58	222	121	282	267	892	9	4	0	1	0	0	0	1	0	0	0	0	0	0	0	0	0	0	0	0	0
chrM	5p	-	59	206	119	277	289	891	8	0	0	0	0	0	0	0	0	1	0	0	0	0	0	0	0	0	0	1	0
chrM	5p	-	60	215	121	272	284	892	5	3	1	0	0	0	0	0	0	0	0	1	0	0	0	0	0	0	0	0	0
chrM	5p	-	61	218	135	284	255	892	4	2	0	0	0	0	0	0	0	0	0	0	0	0	0	0	0	0	0	0	0
chrM	5p	-	62	215	120	272	285	892	9	1	1	2	0	0	0	0	0	0	0	0	0	0	0	0	0	0	0	0	0
chrM	5p	-	63	232	111	284	265	892	11	1	0	0	0	0	0	0	0	0	0	0	0	0	0	0	0	0	0	0	0
chrM	5p	-	64	226	120	290	255	891	11	3	0	0	0	0	0	0	0	1	1	1	0	0	0	0	0	0	0	0	0
chrM	5p	-	65	210	113	297	272	892	3	1	0	0	0	0	0	0	0	1	0	0	0	0	0	1	0	0	0	0	0
chrM	5p	-	66	207	118	291	276	892	11	0	0	1	0	0	0	0	0	1	1	0	0	0	0	0	0	0	0	0	0
chrM	5p	-	67	216	128	262	286	892	9	1	0	0	0	1	0	0	0	0	0	0	0	0	0	0	0	0	0	0	0
chrM	5p	-	68	194	115	281	301	891	11	0	0	0	0	0	0	0	1	3	0	0	0	3	0	0	0	0	1	0	0
chrM	5p	-	69	233	131	264	260	888	10	1	0	0	0	0	0	2	0	3	1	0	0	0	1	0	2	0	1	1	0
chrM	5p	-	70	247	128	274	241	890	18	0	1	1	0	0	0	10	0	8	0	1	1	2	1	1	0	0	0	2	0
