# table produced by mapDamage version 2.0.3
# using mapped file /ebc_data/cls83/Johns/JDS3_01/J-51/bam/J-51.truncated.aln.chrM_filtered_sort_umr_dedup_readgroups.bam and /ebc_data/cls83/indexes/chrM.fasta as reference file
# Chr: reference from sam/bam header, End: from which termini of DNA sequences, Std: strand of reads
Chr	End	Std	Pos	A	C	G	T	Total	G>A	C>T	A>G	T>C	A>C	A>T	C>G	C>A	T>G	T>A	G>C	G>T	A>-	T>-	C>-	G>-	->A	->T	->C	->G	S
chrM	3p	+	1	608	284	272	410	1574	29	40	24	0	0	34	34	56	27	42	0	14	0	0	0	0	0	0	0	0	0
chrM	3p	+	2	482	456	246	390	1574	19	14	25	3	5	2	40	67	17	30	6	1	0	0	0	0	0	0	0	0	0
chrM	3p	+	3	469	516	232	357	1574	18	17	25	4	3	3	40	37	27	13	4	0	0	0	0	0	0	0	0	0	0
chrM	3p	+	4	470	500	212	388	1570	4	12	1	0	0	1	0	58	0	29	2	1	0	0	0	0	1	1	1	0	0
chrM	3p	+	5	471	505	230	361	1567	7	9	4	0	0	1	10	4	4	2	1	1	0	0	0	0	3	2	0	2	0
chrM	3p	+	6	527	460	231	341	1559	5	1	6	1	1	0	4	5	2	4	0	0	0	0	0	0	10	0	1	4	0
chrM	3p	+	7	518	472	209	368	1567	4	3	1	2	0	0	2	3	1	1	0	1	1	0	2	0	5	0	0	2	0
chrM	3p	+	8	501	460	236	374	1571	4	6	0	0	0	0	0	2	0	3	2	1	0	0	3	1	3	0	0	0	0
chrM	3p	+	9	520	484	203	365	1572	5	6	4	0	0	0	0	3	0	1	0	1	0	0	0	0	1	0	0	1	0
chrM	3p	+	10	474	484	199	415	1572	1	7	1	0	1	1	0	1	2	1	0	0	0	0	1	0	1	0	0	1	0
chrM	3p	+	11	461	447	254	412	1574	6	4	0	0	0	0	0	2	0	0	1	1	0	0	0	0	0	0	0	0	0
chrM	3p	+	12	511	519	205	339	1574	5	7	2	0	0	0	0	0	0	1	0	0	0	0	0	0	0	0	0	0	0
chrM	3p	+	13	474	466	230	404	1574	2	5	2	0	0	0	0	3	1	0	1	0	0	0	1	0	0	0	0	0	0
chrM	3p	+	14	487	501	199	387	1574	2	8	2	2	0	0	0	2	0	1	1	0	0	0	1	0	0	0	0	0	0
chrM	3p	+	15	487	508	206	373	1574	3	8	0	1	1	0	0	0	0	0	0	0	0	0	0	0	0	0	0	0	0
chrM	3p	+	16	467	507	204	396	1574	7	12	2	0	1	0	0	1	0	1	1	0	0	0	1	0	0	0	0	0	0
chrM	3p	+	17	468	466	253	387	1574	4	3	2	0	0	0	0	0	0	0	0	1	1	0	0	0	0	0	0	0	0
chrM	3p	+	18	493	480	241	360	1574	4	11	1	1	0	1	0	0	0	1	0	0	1	0	0	0	0	0	0	0	0
chrM	3p	+	19	493	471	228	382	1574	1	10	1	1	0	0	0	2	1	0	0	0	0	0	0	0	0	0	0	0	0
chrM	3p	+	20	469	468	248	389	1574	2	9	2	0	1	0	0	0	0	1	0	1	0	0	0	0	0	0	0	0	0
chrM	3p	+	21	479	509	223	362	1573	5	8	1	1	0	0	0	3	0	0	0	0	0	0	0	0	0	0	0	0	0
chrM	3p	+	22	478	476	216	403	1573	4	7	2	1	0	1	0	1	0	0	0	0	0	0	1	0	0	0	0	0	0
chrM	3p	+	23	444	481	258	391	1574	4	9	3	0	0	0	0	0	0	1	1	0	0	0	1	0	0	0	0	0	0
chrM	3p	+	24	486	481	224	383	1574	6	9	1	0	0	0	0	1	0	2	0	0	2	0	0	1	0	0	0	0	0
chrM	3p	+	25	457	515	197	405	1574	4	14	1	0	0	0	0	1	0	0	0	0	0	0	0	0	0	0	0	0	0
chrM	3p	+	26	474	496	214	390	1574	4	6	2	0	0	0	0	0	0	0	0	0	0	0	0	1	0	0	0	0	0
chrM	3p	+	27	562	484	190	338	1574	1	9	0	0	1	0	0	0	0	0	0	0	0	1	1	0	0	0	0	0	0
chrM	3p	+	28	500	452	215	407	1574	3	12	2	0	0	0	0	0	0	0	0	0	0	0	1	0	0	0	0	0	0
chrM	3p	+	29	444	490	222	418	1574	9	7	1	2	0	0	0	0	0	0	0	0	0	0	0	0	0	0	0	0	0
chrM	3p	+	30	469	494	205	406	1574	4	9	1	0	0	0	0	4	0	0	0	0	0	0	1	1	0	0	0	0	0
chrM	3p	+	31	449	483	236	406	1574	4	10	2	1	0	0	0	0	0	1	0	0	0	0	0	1	0	0	0	0	0
chrM	3p	+	32	509	476	213	376	1574	3	11	1	1	0	0	0	0	0	0	0	0	2	1	1	0	0	0	0	0	0
chrM	3p	+	33	499	494	199	382	1574	2	7	3	2	0	0	0	0	0	0	0	1	0	0	1	0	0	0	0	0	0
chrM	3p	+	34	478	484	222	390	1574	6	12	1	2	0	0	0	0	1	0	0	0	0	1	0	0	0	0	0	0	0
chrM	3p	+	35	464	487	223	400	1574	5	9	1	4	0	0	0	1	0	1	0	0	0	0	0	0	0	0	0	0	0
chrM	3p	+	36	474	501	196	403	1574	3	13	1	1	0	1	0	1	0	0	0	0	0	1	0	0	0	0	0	0	0
chrM	3p	+	37	442	519	203	410	1574	4	14	0	0	0	0	0	1	0	0	0	0	0	0	0	0	0	0	0	0	0
chrM	3p	+	38	476	471	238	389	1574	3	7	0	0	0	0	0	0	0	0	0	0	0	0	0	0	0	0	0	0	0
chrM	3p	+	39	513	489	208	363	1573	3	18	3	0	0	0	0	1	0	0	0	0	0	0	0	0	0	0	0	0	0
chrM	3p	+	40	494	502	213	364	1573	8	12	3	0	0	0	0	0	0	0	0	0	0	0	1	0	0	0	0	0	0
chrM	3p	+	41	466	474	214	420	1574	6	10	1	0	0	0	0	2	0	1	0	0	0	0	2	0	0	0	0	0	0
chrM	3p	+	42	493	517	189	375	1574	5	14	0	0	0	0	0	1	0	1	0	0	0	0	0	0	0	0	0	0	0
chrM	3p	+	43	471	480	241	382	1574	3	11	0	0	0	0	0	1	0	0	0	0	0	0	0	0	0	0	0	0	0
chrM	3p	+	44	490	458	231	395	1574	6	9	2	0	0	0	0	0	0	0	0	0	0	0	0	0	0	0	0	0	0
chrM	3p	+	45	500	495	221	358	1574	2	12	3	0	0	0	0	1	0	0	0	0	0	0	1	0	0	0	0	0	0
chrM	3p	+	46	500	456	218	400	1574	4	12	0	0	0	0	0	0	0	1	0	0	0	0	0	1	0	0	0	0	0
chrM	3p	+	47	465	489	241	379	1574	4	7	1	0	0	0	0	2	0	0	0	1	0	0	0	0	0	0	0	0	0
chrM	3p	+	48	467	508	218	381	1574	8	10	0	1	0	0	0	0	0	0	0	0	1	0	0	1	0	0	0	0	0
chrM	3p	+	49	496	465	202	411	1574	2	13	1	1	1	0	0	0	0	1	0	0	0	0	1	1	0	0	0	0	0
chrM	3p	+	50	494	458	224	398	1574	2	10	2	1	0	0	0	2	0	2	0	1	0	0	0	0	0	0	0	0	0
chrM	3p	+	51	492	525	207	350	1574	2	10	2	0	0	0	0	2	0	0	0	0	0	0	0	0	0	0	0	0	0
chrM	3p	+	52	477	475	198	424	1574	4	7	2	0	0	0	0	2	0	1	0	0	0	0	1	0	0	0	0	0	0
chrM	3p	+	53	479	471	203	421	1574	1	11	1	1	0	0	1	0	0	0	0	0	0	0	0	0	0	0	0	0	0
chrM	3p	+	54	474	515	229	355	1573	0	10	1	1	0	0	0	0	0	0	0	0	0	0	0	0	0	1	0	0	0
chrM	3p	+	55	435	524	232	383	1574	4	10	3	0	0	0	0	0	0	0	0	0	0	0	0	0	0	0	0	0	0
chrM	3p	+	56	451	506	223	394	1574	1	5	2	2	0	0	0	1	0	0	0	0	1	0	0	0	0	0	0	0	0
chrM	3p	+	57	473	515	212	372	1572	1	7	0	1	0	0	0	0	0	0	0	0	0	0	0	0	0	0	0	0	0
chrM	3p	+	58	482	499	238	355	1574	1	4	0	2	0	0	0	0	0	0	0	0	0	0	2	0	0	0	0	0	0
chrM	3p	+	59	466	456	236	416	1574	2	7	1	1	0	0	0	0	0	0	0	0	0	0	0	0	0	0	0	0	0
chrM	3p	+	60	491	513	220	350	1574	0	6	0	1	0	0	0	0	1	0	0	0	0	0	0	0	0	0	0	0	0
chrM	3p	+	61	448	505	226	394	1573	3	5	0	1	0	0	0	0	0	0	0	0	0	0	0	0	0	0	0	0	0
chrM	3p	+	62	479	462	247	386	1574	3	4	2	0	0	0	0	0	0	0	0	0	0	0	2	0	0	0	0	0	0
chrM	3p	+	63	489	467	215	403	1574	3	3	1	0	0	0	0	0	0	0	0	0	0	0	0	0	0	0	0	0	0
chrM	3p	+	64	481	512	194	386	1573	2	4	1	0	0	0	0	0	0	0	0	0	0	0	0	0	0	0	0	0	0
chrM	3p	+	65	411	531	236	396	1574	0	6	0	0	0	0	0	0	0	0	0	0	0	0	1	0	0	0	0	0	0
chrM	3p	+	66	481	478	233	382	1574	3	4	1	0	0	0	0	0	0	0	0	0	0	0	0	0	0	0	0	0	0
chrM	3p	+	67	481	487	218	388	1574	0	3	1	0	0	0	0	0	0	0	0	0	0	0	0	0	0	0	0	0	0
chrM	3p	+	68	466	456	234	418	1574	0	7	1	1	0	0	0	0	0	0	0	0	0	0	0	0	0	0	0	0	0
chrM	3p	+	69	467	490	194	423	1574	3	3	1	1	0	0	0	0	0	0	0	0	0	0	0	0	0	0	0	0	0
chrM	3p	+	70	497	438	214	425	1574	0	1	1	0	0	0	0	0	1	1	0	0	0	0	0	0	0	0	0	0	0
chrM	3p	-	1	407	104	542	379	1432	51	11	23	1	0	27	10	30	32	25	0	31	0	0	0	0	0	0	0	0	0
chrM	3p	-	2	369	178	487	395	1429	58	4	24	8	13	0	14	32	29	34	5	0	0	0	0	0	1	0	2	0	0
chrM	3p	-	3	316	192	462	460	1430	22	12	26	6	10	4	12	12	29	24	5	5	0	0	0	0	0	0	0	2	0
chrM	3p	-	4	361	181	427	458	1427	51	4	4	0	7	2	0	22	1	33	1	5	0	0	0	0	2	0	3	0	0
chrM	3p	-	5	318	209	470	431	1428	20	6	8	0	4	0	2	2	6	6	2	4	0	2	2	0	1	3	0	0	0
chrM	3p	-	6	377	211	409	424	1421	12	3	2	0	0	0	2	2	4	11	1	1	0	0	1	0	6	0	3	2	0
chrM	3p	-	7	377	170	455	420	1422	13	1	1	2	1	0	2	3	2	6	1	2	0	1	0	3	6	0	1	3	0
chrM	3p	-	8	341	191	465	428	1425	8	0	0	0	0	0	0	4	0	3	1	1	1	0	3	3	4	1	2	0	0
chrM	3p	-	9	355	218	433	422	1428	7	3	2	1	0	0	0	1	2	1	0	2	0	0	1	0	2	1	0	0	0
chrM	3p	-	10	408	182	424	418	1432	9	6	1	2	0	0	1	0	0	1	1	0	0	0	0	0	0	0	0	0	0
chrM	3p	-	11	361	193	435	443	1432	6	1	1	1	0	0	0	0	0	0	2	0	0	0	0	0	0	0	0	0	0
chrM	3p	-	12	364	228	439	401	1432	7	1	0	1	0	0	0	1	0	0	0	1	0	0	0	0	0	0	0	0	0
chrM	3p	-	13	377	159	460	436	1432	3	2	0	1	0	0	0	0	0	0	0	0	0	0	0	0	0	0	0	0	0
chrM	3p	-	14	350	194	447	441	1432	7	4	0	0	0	0	0	0	0	0	0	0	0	0	0	0	0	0	0	0	0
chrM	3p	-	15	391	211	428	402	1432	7	2	0	1	0	0	0	1	0	1	1	0	0	0	0	1	0	0	0	0	0
chrM	3p	-	16	340	190	441	459	1430	9	5	0	1	0	0	0	0	0	0	0	0	0	0	0	1	0	0	0	1	0
chrM	3p	-	17	323	204	457	447	1431	7	3	0	0	0	0	0	0	0	0	0	0	0	0	0	0	0	0	0	0	0
chrM	3p	-	18	357	230	467	378	1432	7	8	0	0	0	0	0	0	0	0	1	0	0	1	0	0	0	0	0	0	0
chrM	3p	-	19	388	227	406	411	1432	10	4	0	0	0	0	0	0	0	1	0	1	0	1	0	0	0	0	0	0	0
chrM	3p	-	20	316	219	459	438	1432	7	5	0	1	0	0	0	0	0	0	0	1	0	0	0	0	0	0	0	0	0
chrM	3p	-	21	346	220	433	433	1432	7	5	0	0	0	0	0	1	0	0	1	0	0	0	0	0	0	0	0	0	0
chrM	3p	-	22	367	210	434	421	1432	7	3	1	0	0	0	0	1	0	0	0	0	0	0	1	0	0	0	0	0	0
chrM	3p	-	23	322	220	473	417	1432	11	4	0	2	0	0	0	0	0	1	0	0	0	0	0	0	0	0	0	0	0
chrM	3p	-	24	359	201	420	452	1432	13	8	1	0	0	0	0	0	0	0	1	0	0	0	0	0	0	0	0	0	0
chrM	3p	-	25	342	202	447	441	1432	4	4	0	0	0	0	0	0	0	0	1	0	0	0	0	0	0	0	0	0	0
chrM	3p	-	26	327	228	427	450	1432	4	7	1	1	0	0	0	1	0	0	0	0	0	0	0	1	0	0	0	0	0
chrM	3p	-	27	361	219	433	418	1431	7	3	0	0	0	0	0	0	0	0	0	0	0	0	0	0	0	0	0	0	0
chrM	3p	-	28	355	197	452	428	1432	12	3	1	1	0	0	0	0	0	0	0	0	0	0	0	0	0	0	0	0	0
chrM	3p	-	29	320	202	449	461	1432	10	2	1	2	0	0	0	2	0	0	0	0	0	0	0	0	0	0	0	0	0
chrM	3p	-	30	329	208	435	460	1432	11	7	1	0	0	0	0	1	0	0	0	0	0	0	0	1	0	0	0	0	0
chrM	3p	-	31	353	208	415	456	1432	6	1	1	0	0	0	0	0	0	0	0	1	0	0	0	0	0	0	0	0	0
chrM	3p	-	32	329	192	434	477	1432	6	5	0	0	0	0	0	1	0	0	0	0	0	0	0	0	0	0	0	0	0
chrM	3p	-	33	335	225	429	442	1431	8	3	0	0	0	0	0	0	0	0	1	0	0	0	0	0	0	0	0	1	0
chrM	3p	-	34	374	198	427	433	1432	6	3	1	1	0	0	0	0	0	0	0	0	0	0	0	0	0	0	0	0	0
chrM	3p	-	35	340	178	466	448	1432	10	3	0	6	0	0	0	2	0	0	0	0	0	0	0	0	0	0	0	0	0
chrM	3p	-	36	352	221	437	422	1432	3	4	0	1	0	0	0	0	0	0	1	0	0	0	0	0	0	0	0	0	0
chrM	3p	-	37	372	206	418	436	1432	2	5	0	2	0	0	0	1	0	0	1	0	0	0	0	0	0	0	0	0	0
chrM	3p	-	38	335	194	435	468	1432	9	3	0	5	0	0	0	0	0	0	0	0	0	0	0	0	0	0	0	0	0
chrM	3p	-	39	369	208	419	436	1432	4	3	1	0	0	0	0	1	0	0	0	0	0	1	0	0	0	0	0	0	0
chrM	3p	-	40	383	195	425	429	1432	13	3	1	2	0	0	0	0	0	0	0	0	0	1	0	0	0	0	0	0	0
chrM	3p	-	41	336	214	438	444	1432	6	4	2	1	0	0	0	1	0	0	0	1	0	0	0	2	0	0	0	0	0
chrM	3p	-	42	342	212	423	455	1432	5	7	0	0	0	0	0	0	0	1	0	1	0	0	0	0	0	0	0	0	0
chrM	3p	-	43	370	204	416	442	1432	6	3	1	1	0	1	0	0	0	0	0	0	1	0	0	2	0	0	0	0	0
chrM	3p	-	44	359	175	455	443	1432	8	7	0	0	0	0	0	0	0	0	0	0	0	0	0	2	0	0	0	0	0
chrM	3p	-	45	377	214	403	438	1432	11	2	0	1	0	0	0	0	0	0	0	0	0	0	0	0	0	0	0	0	0
chrM	3p	-	46	357	184	449	442	1432	5	5	3	1	0	0	1	0	0	0	0	0	0	0	0	1	0	0	0	0	0
chrM	3p	-	47	363	194	419	456	1432	5	9	0	0	0	0	0	1	0	0	0	0	0	0	0	0	0	0	0	0	0
chrM	3p	-	48	342	224	447	419	1432	1	7	1	2	0	0	0	0	0	0	1	0	0	0	0	1	0	0	0	0	0
chrM	3p	-	49	373	181	453	424	1431	7	6	1	1	0	0	0	0	0	0	0	0	0	0	0	1	0	0	0	0	0
chrM	3p	-	50	329	206	467	429	1431	9	1	1	1	0	0	0	0	0	0	0	0	0	0	0	0	0	0	0	0	0
chrM	3p	-	51	341	196	419	476	1432	3	6	0	1	0	0	0	0	0	0	0	1	0	0	0	0	0	0	0	0	0
chrM	3p	-	52	367	208	426	431	1432	4	6	0	0	0	0	0	0	0	0	0	0	0	0	0	1	0	0	0	0	0
chrM	3p	-	53	352	184	459	437	1432	2	1	1	0	0	0	0	1	0	0	0	1	0	0	0	0	0	0	0	0	0
chrM	3p	-	54	345	202	467	418	1432	1	5	1	2	0	0	0	1	0	0	0	0	0	0	0	0	0	0	0	0	0
chrM	3p	-	55	365	186	441	440	1432	1	3	0	0	0	0	0	0	0	0	0	0	0	0	0	0	0	0	0	0	0
chrM	3p	-	56	323	197	468	443	1431	4	2	1	1	0	0	0	0	0	1	0	0	0	0	0	0	0	0	0	1	0
chrM	3p	-	57	354	222	421	435	1432	0	5	2	0	0	1	0	0	0	0	0	0	0	0	0	0	0	0	0	0	0
chrM	3p	-	58	370	191	438	433	1432	4	4	1	1	0	0	0	0	0	0	0	0	0	0	0	0	0	0	0	0	0
chrM	3p	-	59	333	177	447	475	1432	2	3	1	1	0	0	0	0	0	0	1	0	0	0	0	0	0	0	0	0	0
chrM	3p	-	60	335	210	461	426	1432	2	3	1	1	0	0	0	0	0	1	0	0	0	0	0	0	0	0	0	0	0
chrM	3p	-	61	378	178	425	451	1432	2	1	0	1	0	0	0	0	0	0	0	0	0	0	0	0	0	0	0	0	0
chrM	3p	-	62	351	192	437	452	1432	1	5	0	1	0	0	0	0	0	1	0	0	0	0	0	0	0	0	0	0	0
chrM	3p	-	63	341	226	417	448	1432	0	5	0	3	0	0	0	0	0	0	0	0	0	0	0	0	0	0	0	0	0
chrM	3p	-	64	361	216	440	415	1432	3	2	1	0	0	0	0	0	0	0	0	0	0	0	0	1	0	0	0	0	0
chrM	3p	-	65	310	201	475	445	1431	1	1	0	1	0	0	0	0	0	0	0	0	0	0	0	0	0	0	0	0	0
chrM	3p	-	66	361	192	414	465	1432	1	2	0	4	0	0	0	0	0	0	0	0	0	0	0	0	0	0	0	0	0
chrM	3p	-	67	324	200	450	458	1432	1	1	0	1	0	0	0	0	0	0	0	0	0	0	0	0	0	0	0	0	0
chrM	3p	-	68	325	190	416	501	1432	1	4	1	0	0	0	0	0	0	0	0	0	0	0	0	1	0	0	0	0	0
chrM	3p	-	69	337	207	395	492	1431	1	1	0	1	0	0	0	0	0	0	0	0	0	0	0	0	0	0	0	0	0
chrM	3p	-	70	361	189	389	493	1432	4	4	1	3	0	0	0	0	0	0	0	0	0	0	0	0	0	0	0	0	0
chrM	5p	+	1	408	616	253	297	1574	2	62	4	0	1	0	0	0	0	2	0	0	0	0	0	0	0	0	0	0	0
chrM	5p	+	2	520	461	210	383	1574	0	15	1	0	0	1	0	1	0	0	1	1	0	0	0	0	0	0	0	0	0
chrM	5p	+	3	462	489	214	409	1574	1	15	1	0	0	0	0	0	0	1	0	0	0	0	0	0	0	0	0	0	0
chrM	5p	+	4	489	458	199	428	1574	4	4	1	0	0	0	0	0	0	0	0	1	0	0	0	0	0	0	0	0	0
chrM	5p	+	5	481	462	210	421	1574	1	11	1	0	0	0	0	0	0	0	0	0	0	0	0	0	0	0	0	0	0
chrM	5p	+	6	463	440	220	451	1574	0	4	1	0	0	0	0	0	1	0	0	0	0	0	0	0	0	0	0	0	0
chrM	5p	+	7	509	443	221	401	1574	1	1	0	1	0	0	0	0	1	1	0	0	0	0	0	0	0	0	0	0	0
chrM	5p	+	8	477	499	189	409	1574	2	5	1	0	0	0	0	0	0	0	0	0	0	0	0	0	0	0	0	0	0
chrM	5p	+	9	451	470	245	408	1574	0	5	0	1	0	0	0	0	0	0	0	0	0	0	0	0	0	0	0	0	0
chrM	5p	+	10	450	503	227	394	1574	0	5	0	0	0	0	0	0	0	0	0	0	0	0	0	0	0	0	0	0	0
chrM	5p	+	11	475	488	204	407	1574	3	4	2	0	0	0	0	0	0	0	0	0	0	0	0	0	0	0	0	0	0
chrM	5p	+	12	440	493	246	395	1574	2	5	0	0	0	0	0	0	0	0	0	0	0	0	0	0	0	0	0	0	0
chrM	5p	+	13	481	493	220	380	1574	2	4	1	0	0	0	0	0	0	0	0	0	0	0	1	0	0	0	0	0	0
chrM	5p	+	14	491	490	209	383	1573	1	4	1	0	0	0	0	0	0	0	0	0	0	0	0	0	0	0	0	0	0
chrM	5p	+	15	476	473	237	388	1574	4	4	2	1	0	0	0	0	0	0	0	0	0	0	0	0	0	0	0	0	0
chrM	5p	+	16	453	494	229	398	1574	2	4	0	2	0	0	0	0	0	0	0	0	0	0	2	0	0	0	0	0	0
chrM	5p	+	17	496	503	205	369	1573	1	6	1	2	0	0	0	0	1	0	0	0	0	0	0	0	0	0	0	0	0
chrM	5p	+	18	457	489	246	382	1574	2	5	0	0	0	0	0	0	0	0	0	0	0	0	0	0	0	0	0	0	0
chrM	5p	+	19	484	498	227	365	1574	2	6	0	0	0	0	0	1	0	0	0	0	0	0	1	0	0	0	0	0	0
chrM	5p	+	20	456	518	213	386	1573	0	9	1	1	0	0	0	0	0	0	0	0	0	0	1	0	0	0	0	0	0
chrM	5p	+	21	465	508	218	382	1573	2	6	3	2	0	0	0	0	0	0	0	0	1	0	0	0	0	0	0	0	0
chrM	5p	+	22	438	510	233	393	1574	2	7	1	1	0	0	0	0	0	0	0	0	0	0	0	0	0	0	0	0	0
chrM	5p	+	23	485	502	229	357	1573	0	9	1	0	0	0	0	1	0	0	0	0	0	0	0	0	0	1	0	0	0
chrM	5p	+	24	458	478	210	428	1574	1	10	1	1	0	0	1	0	0	0	0	0	0	0	0	0	0	0	0	0	0
chrM	5p	+	25	478	482	214	400	1574	5	7	2	0	0	0	0	2	0	1	0	0	0	0	0	0	0	0	0	0	0
chrM	5p	+	26	507	521	187	359	1574	3	13	2	0	0	0	0	2	0	1	0	0	0	0	1	0	0	0	0	0	0
chrM	5p	+	27	479	453	239	403	1574	1	11	3	2	0	0	0	1	0	2	0	1	0	0	0	0	0	0	0	0	0
chrM	5p	+	28	503	459	207	405	1574	6	13	0	1	1	0	0	0	0	0	0	1	0	0	0	0	0	0	0	0	0
chrM	5p	+	29	469	507	214	384	1574	6	11	0	0	0	0	0	1	0	0	0	0	0	0	1	1	0	0	0	0	0
chrM	5p	+	30	472	490	229	383	1574	2	8	2	0	0	0	0	1	0	0	0	0	0	0	0	1	0	0	0	0	0
chrM	5p	+	31	489	471	219	395	1574	5	14	2	0	0	0	0	0	0	1	0	0	1	0	0	1	0	0	0	0	0
chrM	5p	+	32	511	485	218	360	1574	6	9	2	0	0	0	0	1	0	0	0	0	0	0	0	0	0	0	0	0	0
chrM	5p	+	33	478	475	233	388	1574	1	7	0	0	0	0	0	0	0	0	0	0	0	0	1	0	0	0	0	0	0
chrM	5p	+	34	481	461	231	401	1574	4	12	0	0	0	0	0	2	0	0	0	0	0	0	0	0	0	0	0	0	0
chrM	5p	+	35	495	511	190	378	1574	6	16	0	0	0	0	0	0	0	1	0	0	0	0	1	0	0	0	0	0	0
chrM	5p	+	36	483	474	214	403	1574	5	8	4	0	0	0	0	2	0	1	0	0	0	0	0	0	0	0	0	0	0
chrM	5p	+	37	489	507	218	360	1574	7	16	1	0	0	0	0	0	0	0	0	0	0	0	1	0	0	0	0	0	0
chrM	5p	+	38	496	494	208	375	1573	2	14	2	0	0	0	0	1	0	0	0	0	0	0	1	0	0	0	0	0	0
chrM	5p	+	39	448	481	250	394	1573	5	7	0	0	0	0	0	1	0	0	0	0	0	0	0	0	0	0	0	0	0
chrM	5p	+	40	477	516	189	392	1574	3	15	0	0	0	0	0	0	0	0	0	0	0	0	0	0	0	0	0	0	0
chrM	5p	+	41	481	485	205	403	1574	3	8	1	1	0	1	0	2	1	0	0	0	0	1	0	0	0	0	0	0	0
chrM	5p	+	42	475	477	217	405	1574	5	14	2	5	0	0	0	0	0	1	0	0	0	0	0	0	0	0	0	0	0
chrM	5p	+	43	469	498	220	387	1574	5	10	0	2	0	0	0	0	0	0	0	0	0	1	0	0	0	0	0	0	0
chrM	5p	+	44	469	504	212	389	1574	2	7	3	2	0	0	0	0	0	1	0	1	0	0	0	0	0	0	0	0	0
chrM	5p	+	45	508	485	207	374	1574	6	11	1	0	0	0	0	0	0	0	0	0	0	0	0	0	0	0	0	0	0
chrM	5p	+	46	465	456	241	412	1574	6	9	2	2	0	0	0	0	0	0	0	0	1	0	2	0	0	0	0	0	0
chrM	5p	+	47	446	502	207	419	1574	6	10	2	1	0	0	0	4	0	0	0	0	1	1	1	1	0	0	0	0	0
chrM	5p	+	48	491	470	209	404	1574	2	10	0	0	1	0	0	0	0	0	0	0	0	0	0	1	0	0	0	0	0
chrM	5p	+	49	503	473	206	392	1574	4	9	2	0	0	0	0	0	0	0	0	0	0	0	0	0	0	0	0	0	0
chrM	5p	+	50	502	517	186	369	1574	1	11	0	0	0	0	0	0	0	0	0	0	1	0	2	0	0	0	0	0	0
chrM	5p	+	51	480	485	222	387	1574	3	12	4	0	0	0	0	1	0	0	0	0	0	1	0	0	0	0	0	0	0
chrM	5p	+	52	458	517	209	390	1574	6	8	0	0	0	0	0	1	0	0	0	0	0	0	0	1	0	0	0	0	0
chrM	5p	+	53	494	479	226	375	1574	9	8	0	0	0	0	0	0	0	2	0	0	0	0	0	0	0	0	0	0	0
chrM	5p	+	54	458	472	250	394	1574	4	8	3	0	0	0	0	1	0	1	1	0	1	0	0	1	0	0	0	0	0
chrM	5p	+	55	486	482	219	387	1574	2	8	2	1	0	1	0	2	0	0	0	0	0	0	1	0	0	0	0	0	0
chrM	5p	+	56	488	494	218	373	1573	3	7	1	2	0	0	0	1	0	1	0	0	0	0	1	0	0	0	0	0	0
chrM	5p	+	57	450	464	268	391	1573	2	12	2	0	1	0	0	1	0	0	0	1	0	0	0	0	0	0	0	0	0
chrM	5p	+	58	498	466	232	378	1574	0	9	2	0	0	1	0	1	1	0	0	0	0	0	0	0	0	0	0	0	0
chrM	5p	+	59	487	480	234	373	1574	5	9	1	1	1	0	0	0	0	1	0	0	0	0	0	0	0	0	0	0	0
chrM	5p	+	60	474	487	227	386	1574	6	5	2	0	0	0	0	0	0	0	0	1	0	0	0	0	0	0	0	0	0
chrM	5p	+	61	475	493	214	392	1574	5	10	1	0	1	0	0	1	0	1	1	0	1	0	0	0	0	0	0	0	0
chrM	5p	+	62	490	513	198	373	1574	3	7	0	1	0	0	0	0	0	0	1	0	1	0	0	0	0	0	0	0	0
chrM	5p	+	63	481	493	210	390	1574	1	7	2	2	0	0	0	2	1	1	1	0	0	0	2	0	0	0	0	0	0
chrM	5p	+	64	462	487	240	385	1574	2	6	2	0	0	0	0	3	0	0	1	0	0	0	1	0	0	0	0	0	0
chrM	5p	+	65	493	496	209	376	1574	7	8	2	0	0	0	0	0	0	1	0	0	0	0	0	0	0	0	0	0	0
chrM	5p	+	66	486	456	239	393	1574	4	3	0	0	1	1	0	1	0	0	0	1	0	0	0	0	0	0	0	0	0
chrM	5p	+	67	479	485	196	412	1572	2	8	2	0	0	0	0	2	1	4	0	0	0	0	0	0	1	0	0	1	0
chrM	5p	+	68	506	485	216	365	1572	6	6	3	0	0	0	0	3	1	0	0	1	0	0	1	0	1	0	0	1	0
chrM	5p	+	69	520	458	237	356	1571	3	5	0	1	0	0	0	2	0	2	2	1	0	0	0	0	3	0	0	0	0
chrM	5p	+	70	516	480	191	379	1566	3	2	1	1	0	0	1	3	1	1	0	1	0	0	4	1	6	0	0	2	0
chrM	5p	-	1	343	261	526	302	1432	13	24	1	0	0	0	0	0	1	2	0	0	0	0	0	0	0	0	0	0	0
chrM	5p	-	2	359	159	437	477	1432	3	2	1	0	0	1	0	0	1	0	0	1	0	0	0	0	0	0	0	0	0
chrM	5p	-	3	347	220	388	477	1432	4	3	1	2	0	0	0	1	0	0	0	0	0	0	0	0	0	0	0	0	0
chrM	5p	-	4	376	205	388	463	1432	2	2	1	0	0	0	0	0	0	0	0	0	0	0	0	0	0	0	0	0	0
chrM	5p	-	5	353	195	411	473	1432	3	2	0	1	0	0	0	0	0	1	0	0	0	0	0	0	0	0	0	0	0
chrM	5p	-	6	375	179	388	490	1432	2	4	0	1	0	1	0	1	0	0	0	0	0	0	0	0	0	0	0	0	0
chrM	5p	-	7	353	205	384	490	1432	5	4	1	3	0	0	0	0	0	0	0	0	0	0	0	0	0	0	0	0	0
chrM	5p	-	8	335	204	392	501	1432	0	1	0	1	0	0	0	0	0	0	0	0	0	0	0	0	0	0	0	0	0
chrM	5p	-	9	337	178	417	499	1431	0	3	1	1	0	0	0	0	0	0	0	0	0	0	0	0	0	0	0	0	0
chrM	5p	-	10	306	211	468	447	1432	2	0	0	1	0	0	0	0	0	0	0	0	0	0	0	1	0	0	0	0	0
chrM	5p	-	11	349	204	418	461	1432	1	2	0	3	0	0	0	0	0	0	0	0	0	0	0	0	0	0	0	0	0
chrM	5p	-	12	338	188	466	440	1432	0	3	0	1	0	0	0	0	0	0	0	0	0	0	0	0	0	0	0	0	0
chrM	5p	-	13	359	214	432	426	1431	3	2	1	2	0	0	0	0	0	0	0	0	0	0	0	0	0	0	0	0	0
chrM	5p	-	14	342	222	427	441	1432	1	5	0	1	0	0	0	0	0	1	0	0	0	0	0	1	0	0	0	0	0
chrM	5p	-	15	346	186	441	459	1432	1	4	0	2	0	0	0	0	0	0	0	0	0	0	0	0	0	0	0	0	0
chrM	5p	-	16	380	195	422	435	1432	1	2	1	0	0	0	0	0	0	0	1	0	0	0	0	0	0	0	0	0	0
chrM	5p	-	17	334	196	456	446	1432	2	3	0	2	0	0	0	0	0	1	0	0	0	0	0	0	0	0	0	0	0
chrM	5p	-	18	331	186	451	464	1432	2	3	1	1	0	0	0	0	0	0	0	0	0	0	0	0	0	0	0	0	0
chrM	5p	-	19	360	209	440	423	1432	4	5	1	0	0	0	0	0	0	0	0	0	0	0	0	0	0	0	0	0	0
chrM	5p	-	20	351	194	441	445	1431	1	2	2	1	0	1	0	0	0	0	0	0	0	0	0	0	0	0	0	1	0
chrM	5p	-	21	337	198	461	436	1432	3	3	1	1	0	0	0	0	0	1	0	0	0	0	0	0	0	0	0	0	0
chrM	5p	-	22	355	200	442	435	1432	1	2	1	0	0	0	0	0	0	0	0	0	0	0	0	0	0	0	0	0	0
chrM	5p	-	23	342	193	464	433	1432	1	5	0	1	0	0	0	1	0	0	0	0	0	0	0	0	0	0	0	0	0
chrM	5p	-	24	364	182	455	431	1432	2	2	1	0	0	0	0	1	0	0	0	1	0	0	0	1	0	0	0	0	0
chrM	5p	-	25	357	209	420	446	1432	6	5	0	0	0	0	0	0	0	0	0	0	0	0	0	0	0	0	0	0	0
chrM	5p	-	26	335	209	431	457	1432	4	7	0	1	0	0	0	0	0	0	0	1	0	0	0	0	0	0	0	0	0
chrM	5p	-	27	342	201	450	439	1432	6	4	1	1	0	0	0	0	0	0	0	0	0	0	0	0	0	0	0	0	0
chrM	5p	-	28	374	180	461	416	1431	7	6	2	1	0	0	0	0	0	0	0	0	0	0	0	0	0	0	0	0	0
chrM	5p	-	29	346	214	445	426	1431	1	4	0	2	0	0	0	0	0	0	1	0	0	0	0	1	0	0	0	0	0
chrM	5p	-	30	371	203	408	450	1432	7	10	1	0	0	0	0	1	0	0	0	0	0	0	0	1	0	0	0	0	0
chrM	5p	-	31	354	193	448	437	1432	3	4	2	1	0	0	1	0	0	0	0	0	0	0	0	1	0	0	0	0	0
chrM	5p	-	32	360	206	425	441	1432	15	4	0	1	0	0	0	0	0	0	0	0	0	0	0	0	0	0	0	0	0
chrM	5p	-	33	365	182	446	439	1432	7	5	0	1	0	0	0	0	0	0	0	0	0	0	0	1	0	0	0	0	0
chrM	5p	-	34	369	204	415	444	1432	7	5	1	0	0	1	0	0	0	0	0	1	0	0	0	1	0	0	0	0	0
chrM	5p	-	35	329	210	423	470	1432	4	6	1	0	0	0	0	0	0	1	0	1	1	0	0	2	0	0	0	0	0
chrM	5p	-	36	346	198	428	460	1432	7	3	1	1	0	0	0	1	0	0	0	0	0	0	0	1	0	0	0	0	0
chrM	5p	-	37	389	207	418	418	1432	11	3	2	2	0	0	0	1	0	0	0	0	0	0	0	1	0	0	0	0	0
chrM	5p	-	38	357	204	437	434	1432	5	2	0	1	0	0	0	0	0	0	0	0	0	1	0	0	0	0	0	0	0
chrM	5p	-	39	344	207	425	456	1432	8	5	0	4	0	0	0	0	0	0	2	0	0	1	0	0	0	0	0	0	0
chrM	5p	-	40	373	208	428	423	1432	2	4	0	3	0	0	0	1	0	0	0	0	0	0	0	0	0	0	0	0	0
chrM	5p	-	41	346	211	447	428	1432	9	4	0	4	0	0	0	0	0	0	0	0	0	0	0	0	0	0	0	0	0
chrM	5p	-	42	353	174	457	448	1432	6	5	0	3	0	0	0	2	0	0	1	0	0	0	0	0	0	0	0	0	0
chrM	5p	-	43	368	205	431	428	1432	5	3	1	0	0	0	0	0	0	0	0	1	0	0	0	0	0	0	0	0	0
chrM	5p	-	44	311	223	430	467	1431	5	3	0	0	0	0	0	0	0	0	0	0	0	0	0	0	0	0	0	1	0
chrM	5p	-	45	352	193	411	476	1432	9	2	1	0	0	0	0	1	0	0	0	0	0	0	0	0	0	0	0	0	0
chrM	5p	-	46	337	218	425	452	1432	5	3	0	1	0	0	0	0	0	0	0	0	0	0	0	0	0	0	0	0	0
chrM	5p	-	47	346	199	440	447	1432	13	5	2	0	0	0	0	1	0	0	0	0	0	0	0	0	0	0	0	0	0
chrM	5p	-	48	334	195	452	451	1432	9	4	0	1	0	0	0	2	0	0	0	0	0	0	0	1	0	0	0	0	0
chrM	5p	-	49	355	201	442	434	1432	9	2	1	1	0	0	0	0	0	0	0	0	0	0	0	0	0	0	0	0	0
chrM	5p	-	50	354	215	446	416	1431	9	3	1	0	0	0	0	0	0	0	0	0	0	0	0	0	0	0	0	0	0
chrM	5p	-	51	322	226	430	454	1432	2	7	0	1	0	0	0	1	0	0	1	0	0	0	0	1	0	0	0	0	0
chrM	5p	-	52	346	200	431	455	1432	6	3	0	0	0	0	0	0	0	0	1	0	0	0	0	0	0	0	0	0	0
chrM	5p	-	53	339	208	434	451	1432	13	9	1	0	0	0	0	0	0	0	0	0	0	0	0	0	0	0	0	0	0
chrM	5p	-	54	344	212	463	413	1432	10	5	0	2	0	0	0	0	0	1	0	0	0	0	0	0	0	0	0	0	0
chrM	5p	-	55	355	208	453	416	1432	7	1	1	1	0	0	0	1	0	0	0	0	0	0	0	0	0	0	0	0	0
chrM	5p	-	56	337	237	431	427	1432	8	6	0	0	0	0	0	1	0	0	1	0	0	0	1	0	0	0	0	0	0
chrM	5p	-	57	328	221	450	433	1432	7	5	0	0	0	0	0	0	0	0	0	2	0	0	0	0	0	0	0	0	0
chrM	5p	-	58	386	229	397	419	1431	9	5	0	0	0	0	0	0	0	1	1	0	0	0	0	0	0	0	0	0	0
chrM	5p	-	59	350	220	463	399	1432	7	6	0	0	0	0	0	0	0	0	0	0	0	1	0	1	0	0	0	0	0
chrM	5p	-	60	335	195	461	441	1432	9	4	0	0	0	0	0	0	0	0	0	0	0	1	0	0	0	0	0	0	0
chrM	5p	-	61	368	186	436	440	1430	10	5	0	2	0	0	0	0	0	0	0	0	0	0	0	0	0	0	0	1	0
chrM	5p	-	62	361	219	449	403	1432	5	2	0	0	0	0	0	1	0	1	1	0	0	0	0	1	0	0	0	0	0
chrM	5p	-	63	342	196	450	444	1432	7	3	0	0	0	0	0	0	0	0	0	0	0	0	0	0	0	0	0	0	0
chrM	5p	-	64	378	179	444	431	1432	3	2	0	1	0	0	0	0	0	0	0	0	0	0	0	0	0	0	0	0	0
chrM	5p	-	65	381	200	444	407	1432	8	2	1	2	0	0	0	1	0	0	1	1	0	0	0	0	0	0	0	0	0
chrM	5p	-	66	364	193	434	441	1432	4	2	0	0	0	0	0	0	0	0	2	0	0	0	0	0	0	0	0	0	0
chrM	5p	-	67	390	189	425	427	1431	9	5	1	3	0	0	1	0	0	1	0	1	0	0	0	0	0	1	0	0	0
chrM	5p	-	68	360	214	436	419	1429	8	2	2	1	0	0	0	1	1	1	0	1	0	0	0	0	2	0	1	0	0
chrM	5p	-	69	352	193	457	423	1425	8	0	1	0	0	0	0	4	1	2	1	1	0	0	0	0	4	1	1	0	0
chrM	5p	-	70	366	189	446	421	1422	13	1	0	1	1	0	2	2	1	5	1	2	1	0	4	3	6	0	1	3	0
