# table produced by mapDamage version 2.0.3
# using mapped file /ebc_data/cls83/Johns/JDS3_01/J-55/bam/J-55.truncated.aln.chrM_filtered_sort_umr_dedup_readgroups.bam and /ebc_data/cls83/indexes/chrM.fasta as reference file
# Chr: reference from sam/bam header, End: from which termini of DNA sequences, Std: strand of reads
Chr	End	Std	Pos	A	C	G	T	Total	G>A	C>T	A>G	T>C	A>C	A>T	C>G	C>A	T>G	T>A	G>C	G>T	A>-	T>-	C>-	G>-	->A	->T	->C	->G	S
chrM	3p	+	1	221	79	97	136	533	8	7	9	0	0	2	10	12	8	14	0	4	0	0	0	0	0	0	0	0	0
chrM	3p	+	2	179	139	85	129	532	18	2	4	2	1	0	5	14	3	6	1	0	0	0	0	0	0	0	0	0	0
chrM	3p	+	3	172	161	70	130	533	3	2	9	1	4	1	6	10	3	3	0	1	0	0	0	0	0	0	0	0	0
chrM	3p	+	4	157	167	69	140	533	4	6	0	0	0	0	1	14	0	6	0	0	0	0	0	0	0	0	0	0	0
chrM	3p	+	5	176	158	81	116	531	7	3	1	0	0	0	1	1	3	0	0	0	0	0	0	0	0	0	0	2	0
chrM	3p	+	6	175	169	50	136	530	2	3	1	0	0	0	2	2	0	3	0	0	0	1	0	0	2	1	0	0	0
chrM	3p	+	7	175	151	73	133	532	4	4	2	0	0	0	0	1	0	1	0	0	0	1	0	0	1	0	0	0	0
chrM	3p	+	8	154	175	86	118	533	4	3	0	3	0	0	0	0	1	0	0	0	0	0	1	0	0	0	0	0	0
chrM	3p	+	9	166	178	74	115	533	4	8	1	0	0	0	0	1	0	0	0	0	0	0	0	0	0	0	0	0	0
chrM	3p	+	10	163	154	85	131	533	2	3	0	0	0	0	0	0	0	0	0	0	0	0	0	0	0	0	0	0	0
chrM	3p	+	11	175	159	69	130	533	5	4	0	0	0	0	0	0	0	0	0	0	0	0	0	0	0	0	0	0	0
chrM	3p	+	12	175	166	63	129	533	1	2	1	0	0	0	0	1	0	0	0	0	0	0	0	0	0	0	0	0	0
chrM	3p	+	13	162	163	67	141	533	4	4	0	0	0	0	0	0	0	0	0	0	0	0	0	0	0	0	0	0	0
chrM	3p	+	14	172	154	79	128	533	1	5	1	0	0	0	0	1	0	0	0	0	0	0	0	0	0	0	0	0	0
chrM	3p	+	15	170	161	74	128	533	5	4	1	0	0	0	0	1	0	0	0	0	0	0	0	0	0	0	0	0	0
chrM	3p	+	16	167	152	76	138	533	2	4	1	1	0	0	0	0	0	0	1	0	0	0	0	0	0	0	0	0	0
chrM	3p	+	17	184	145	71	133	533	2	4	0	1	0	0	0	0	0	0	0	0	0	0	0	0	0	0	0	0	0
chrM	3p	+	18	156	182	83	112	533	3	4	0	0	0	0	0	0	0	0	0	0	0	0	0	0	0	0	0	0	0
chrM	3p	+	19	154	155	78	146	533	3	4	0	0	1	0	0	0	0	0	0	0	0	0	0	0	0	0	0	0	0
chrM	3p	+	20	154	184	71	124	533	5	4	2	0	0	0	0	1	0	0	0	0	0	0	0	0	0	0	0	0	0
chrM	3p	+	21	149	166	85	133	533	4	3	0	0	0	0	0	0	0	0	0	0	0	0	0	0	0	0	0	0	0
chrM	3p	+	22	146	151	78	158	533	5	2	0	0	0	0	0	0	0	0	0	0	0	0	0	0	0	0	0	0	0
chrM	3p	+	23	170	152	79	132	533	3	5	0	0	0	0	0	0	0	0	0	0	0	0	0	0	0	0	0	0	0
chrM	3p	+	24	173	164	67	129	533	4	6	0	1	0	0	0	0	0	0	0	0	0	0	0	0	0	0	0	0	0
chrM	3p	+	25	157	158	82	136	533	2	3	1	0	0	0	0	0	0	0	0	0	0	0	1	0	0	0	0	0	0
chrM	3p	+	26	151	150	83	149	533	4	4	0	1	0	0	0	1	0	0	0	0	0	0	0	0	0	0	0	0	0
chrM	3p	+	27	167	176	64	126	533	2	2	1	0	0	0	0	0	0	0	0	0	0	0	0	0	0	0	0	0	0
chrM	3p	+	28	162	159	74	138	533	4	4	1	0	0	0	0	0	0	0	0	0	0	0	0	0	0	0	0	0	0
chrM	3p	+	29	164	168	81	120	533	1	3	1	0	0	0	0	0	0	0	0	0	0	0	0	0	0	0	0	0	0
chrM	3p	+	30	156	188	56	133	533	1	4	1	0	0	0	0	0	0	0	0	0	0	0	0	0	0	0	0	0	0
chrM	3p	+	31	164	153	81	135	533	4	3	0	0	0	0	0	0	0	0	0	0	0	0	0	0	0	0	0	0	0
chrM	3p	+	32	185	152	79	117	533	2	5	0	0	0	0	0	0	0	0	0	0	0	0	0	0	0	0	0	0	0
chrM	3p	+	33	169	182	63	119	533	2	2	3	0	0	0	0	0	0	0	0	0	0	0	0	0	0	0	0	0	0
chrM	3p	+	34	139	166	66	161	532	0	5	0	0	0	0	0	0	0	0	0	0	0	0	0	0	0	0	0	0	0
chrM	3p	+	35	170	171	72	120	533	2	2	0	0	0	0	0	0	0	0	0	0	0	0	1	0	0	0	0	0	0
chrM	3p	+	36	183	178	70	102	533	5	5	0	0	0	0	0	1	0	0	0	0	0	0	0	0	0	0	0	0	0
chrM	3p	+	37	140	167	82	144	533	5	4	0	0	0	0	0	1	0	0	0	0	0	0	0	0	0	0	0	0	0
chrM	3p	+	38	176	160	80	117	533	5	6	0	1	1	0	0	1	0	0	0	0	0	0	0	0	0	0	0	0	0
chrM	3p	+	39	170	166	69	128	533	2	2	2	0	1	0	0	0	0	0	0	0	0	0	0	0	0	0	0	0	0
chrM	3p	+	40	139	164	88	142	533	4	4	0	0	0	0	0	0	0	0	0	0	0	0	0	0	0	0	0	0	0
chrM	3p	+	41	170	159	70	134	533	3	4	1	0	0	0	0	0	0	0	0	0	0	0	0	0	0	0	0	0	0
chrM	3p	+	42	150	181	78	124	533	2	11	0	0	0	0	1	0	0	0	0	0	0	0	0	0	0	0	0	0	0
chrM	3p	+	43	140	167	77	149	533	0	7	0	0	0	0	0	0	0	0	0	0	0	0	0	0	0	0	0	0	0
chrM	3p	+	44	147	183	82	121	533	2	4	0	0	0	0	0	0	0	0	0	0	0	0	0	0	0	0	0	0	0
chrM	3p	+	45	155	154	75	149	533	1	0	2	1	0	0	0	1	0	0	0	0	0	0	0	0	0	0	0	0	0
chrM	3p	+	46	173	144	83	133	533	1	3	1	0	0	0	0	0	0	0	0	0	0	0	0	0	0	0	0	0	0
chrM	3p	+	47	154	144	83	152	533	2	7	2	0	0	0	0	0	0	1	0	0	0	0	0	0	0	0	0	0	0
chrM	3p	+	48	158	176	63	136	533	2	1	1	0	0	0	0	0	0	1	0	0	0	0	0	0	0	0	0	0	0
chrM	3p	+	49	150	168	66	149	533	2	3	1	0	0	0	0	0	0	0	0	0	0	0	0	0	0	0	0	0	0
chrM	3p	+	50	151	170	86	126	533	4	5	1	1	0	0	0	0	0	0	0	0	0	0	0	0	0	0	0	0	0
chrM	3p	+	51	155	183	73	122	533	3	3	0	1	0	0	0	0	0	0	0	0	0	0	0	0	0	0	0	0	0
chrM	3p	+	52	153	163	81	136	533	3	2	0	0	0	0	0	0	0	0	0	0	0	0	0	0	0	0	0	0	0
chrM	3p	+	53	181	151	83	118	533	2	2	0	0	0	0	0	0	0	0	0	0	0	0	0	0	0	0	0	0	0
chrM	3p	+	54	184	152	63	133	532	2	7	0	0	0	0	0	0	0	0	0	0	0	0	0	0	0	1	0	0	0
chrM	3p	+	55	159	164	68	142	533	1	4	0	0	0	0	0	1	0	0	0	0	0	0	0	0	0	0	0	0	0
chrM	3p	+	56	165	175	81	112	533	1	7	3	0	0	0	0	1	0	0	0	0	0	0	0	0	0	0	0	0	0
chrM	3p	+	57	167	180	58	128	533	5	6	0	0	0	0	0	0	0	0	0	0	0	0	0	0	0	0	0	0	0
chrM	3p	+	58	173	170	56	134	533	0	6	0	0	0	0	0	0	0	0	0	0	0	0	0	0	0	0	0	0	0
chrM	3p	+	59	166	166	78	123	533	2	8	0	0	0	0	0	0	0	0	0	0	0	0	0	0	0	0	0	0	0
chrM	3p	+	60	166	175	58	134	533	1	7	1	0	0	0	0	0	0	0	0	0	0	0	0	0	0	0	0	0	0
chrM	3p	+	61	152	157	62	162	533	0	4	1	0	0	0	0	0	0	0	0	0	0	0	0	0	0	0	0	0	0
chrM	3p	+	62	158	164	65	146	533	1	12	1	1	0	0	0	0	0	0	0	0	0	0	0	0	0	0	0	0	0
chrM	3p	+	63	179	178	62	114	533	1	5	2	0	0	0	0	1	0	0	0	0	0	0	0	0	0	0	0	0	0
chrM	3p	+	64	151	158	76	148	533	3	8	0	0	0	0	0	0	0	0	0	0	0	0	0	0	0	0	0	0	0
chrM	3p	+	65	157	166	72	138	533	0	7	0	0	0	0	0	0	0	0	0	0	0	0	0	0	0	0	0	0	0
chrM	3p	+	66	151	184	74	124	533	4	4	0	1	0	0	0	0	0	0	0	0	0	0	0	0	0	0	0	0	0
chrM	3p	+	67	164	152	70	147	533	1	8	0	0	0	0	0	0	0	0	0	0	0	0	0	0	0	0	0	0	0
chrM	3p	+	68	180	139	89	125	533	3	8	1	0	0	0	0	0	0	0	0	0	0	0	0	0	0	0	0	0	0
chrM	3p	+	69	163	164	77	129	533	0	14	1	0	0	0	0	0	0	0	0	0	0	0	0	0	0	0	0	0	0
chrM	3p	+	70	168	159	62	144	533	0	10	0	0	0	0	0	0	0	0	0	0	0	0	0	0	0	0	0	0	0
chrM	3p	-	1	132	29	180	143	484	16	2	6	0	0	5	3	11	6	16	0	6	0	0	0	0	0	0	0	0	0
chrM	3p	-	2	120	46	174	144	484	34	1	1	4	4	0	4	7	5	14	4	0	0	0	0	0	0	0	0	0	0
chrM	3p	-	3	119	68	156	139	482	19	4	5	1	2	2	3	3	5	6	0	1	0	0	0	0	0	0	1	1	0
chrM	3p	-	4	116	71	136	158	481	18	0	0	0	0	0	0	8	0	12	1	0	0	0	0	0	2	1	0	0	0
chrM	3p	-	5	105	64	174	141	484	12	1	1	0	0	0	1	1	2	1	0	0	0	0	0	0	0	0	0	0	0
chrM	3p	-	6	124	67	138	151	480	9	0	0	0	0	0	0	1	1	3	0	0	0	1	0	0	4	0	0	0	0
chrM	3p	-	7	121	53	177	131	482	11	3	1	2	0	0	0	0	0	1	0	1	0	1	0	0	1	0	0	1	0
chrM	3p	-	8	128	61	161	134	484	7	3	0	0	0	0	0	0	0	0	0	0	0	0	0	1	0	0	0	0	0
chrM	3p	-	9	111	65	156	152	484	6	1	0	0	0	0	0	0	0	1	0	0	0	0	0	1	0	0	0	0	0
chrM	3p	-	10	107	68	161	148	484	6	1	0	0	0	0	0	0	0	0	0	0	0	1	0	0	0	0	0	0	0
chrM	3p	-	11	116	62	153	153	484	7	1	0	0	0	0	0	0	0	1	0	0	0	0	0	0	0	0	0	0	0
chrM	3p	-	12	106	64	165	149	484	3	1	1	0	0	0	0	0	0	1	0	1	0	0	0	0	0	0	0	0	0
chrM	3p	-	13	133	55	147	149	484	5	1	1	1	0	0	0	0	0	0	0	0	0	0	0	0	0	0	0	0	0
chrM	3p	-	14	113	61	161	149	484	8	2	0	0	0	0	0	0	0	0	0	0	0	0	0	0	0	0	0	0	0
chrM	3p	-	15	102	66	159	157	484	5	1	0	0	0	0	1	0	0	0	0	0	0	0	0	0	0	0	0	0	0
chrM	3p	-	16	113	76	148	147	484	6	5	0	0	0	0	0	0	0	1	0	0	0	0	0	0	0	0	0	0	0
chrM	3p	-	17	109	58	169	148	484	7	4	0	0	0	0	0	0	0	0	0	0	0	0	0	0	0	0	0	0	0
chrM	3p	-	18	120	67	167	130	484	6	1	1	0	0	0	0	0	0	0	0	0	0	0	0	0	0	0	0	0	0
chrM	3p	-	19	131	70	150	133	484	8	4	0	0	0	0	0	0	0	0	0	0	0	0	0	0	0	0	0	0	0
chrM	3p	-	20	101	62	163	158	484	10	0	0	2	0	0	0	0	0	0	0	0	0	0	0	0	0	0	0	0	0
chrM	3p	-	21	128	66	149	141	484	8	5	0	0	0	0	0	0	0	0	0	0	0	0	0	0	0	0	0	0	0
chrM	3p	-	22	115	77	151	141	484	6	4	0	0	0	0	0	0	0	0	0	0	0	0	0	0	0	0	0	0	0
chrM	3p	-	23	121	75	157	131	484	9	1	0	0	0	0	0	0	0	0	0	0	0	0	0	0	0	0	0	0	0
chrM	3p	-	24	114	72	150	148	484	6	4	0	0	0	1	0	0	0	0	0	0	0	0	0	0	0	0	0	0	0
chrM	3p	-	25	116	70	148	150	484	6	1	0	1	0	0	0	0	0	0	0	0	0	0	0	1	0	0	0	0	0
chrM	3p	-	26	122	55	154	153	484	2	3	0	0	0	0	0	0	0	0	0	0	0	0	0	0	0	0	0	0	0
chrM	3p	-	27	129	52	148	155	484	6	2	0	0	0	0	0	0	0	0	0	0	0	0	1	0	0	0	0	0	0
chrM	3p	-	28	125	64	143	152	484	1	2	0	0	0	0	0	0	0	0	0	0	0	0	0	0	0	0	0	0	0
chrM	3p	-	29	111	51	155	167	484	3	1	1	0	0	0	0	0	0	0	0	0	0	0	0	0	0	0	0	0	0
chrM	3p	-	30	132	72	144	136	484	1	4	0	1	0	0	0	0	0	0	0	0	0	0	0	0	0	0	0	0	0
chrM	3p	-	31	116	61	160	147	484	7	2	0	0	0	0	0	0	0	0	0	0	0	0	0	0	0	0	0	0	0
chrM	3p	-	32	95	75	163	151	484	3	2	0	1	0	0	0	0	0	0	0	0	0	0	0	0	0	0	0	0	0
chrM	3p	-	33	113	70	166	135	484	2	4	0	1	0	0	0	0	0	0	0	0	0	0	0	0	0	0	0	0	0
chrM	3p	-	34	140	70	129	145	484	6	4	0	1	0	0	0	0	0	0	0	0	0	0	0	0	0	0	0	0	0
chrM	3p	-	35	111	65	162	146	484	5	2	0	0	0	0	0	0	0	0	0	0	0	0	0	1	0	0	0	0	0
chrM	3p	-	36	114	53	164	152	483	7	3	0	4	0	0	0	0	0	0	0	0	0	0	0	0	0	0	0	0	0
chrM	3p	-	37	114	60	182	128	484	8	2	0	1	0	0	0	0	0	0	0	0	0	0	0	0	0	0	0	0	0
chrM	3p	-	38	120	50	160	154	484	3	2	0	0	0	0	0	0	0	0	0	0	0	0	0	0	0	0	0	0	0
chrM	3p	-	39	108	68	153	155	484	5	2	0	0	0	0	0	0	0	0	0	0	0	0	0	0	0	0	0	0	0
chrM	3p	-	40	142	53	146	143	484	2	1	0	0	0	0	0	0	0	0	0	0	0	0	0	0	0	0	0	0	0
chrM	3p	-	41	112	72	162	138	484	6	1	0	2	0	0	0	0	0	0	0	0	0	0	0	0	0	0	0	0	0
chrM	3p	-	42	129	66	144	145	484	5	3	0	0	0	0	0	0	0	0	0	0	0	0	0	0	0	0	0	0	0
chrM	3p	-	43	136	77	137	134	484	4	1	0	0	0	0	0	0	0	0	0	0	0	0	0	0	0	0	0	0	0
chrM	3p	-	44	115	59	159	151	484	5	2	0	1	0	0	0	0	0	0	0	0	0	0	0	0	0	0	0	0	0
chrM	3p	-	45	121	57	156	150	484	1	0	0	1	0	0	0	0	0	0	0	0	0	0	0	0	0	0	0	0	0
chrM	3p	-	46	129	73	149	133	484	3	4	0	0	0	0	0	1	0	0	0	0	0	0	0	0	0	0	0	0	0
chrM	3p	-	47	118	56	158	152	484	5	3	0	0	0	0	0	0	0	0	0	0	0	0	0	0	0	0	0	0	0
chrM	3p	-	48	106	64	158	156	484	2	6	0	0	0	0	0	0	0	0	0	0	0	0	0	0	0	0	0	0	0
chrM	3p	-	49	124	54	160	146	484	6	2	0	0	0	0	0	0	0	0	0	0	0	0	0	0	0	0	0	0	0
chrM	3p	-	50	117	56	155	156	484	5	4	0	0	0	0	0	0	0	0	0	0	0	0	0	0	0	0	0	0	0
chrM	3p	-	51	121	71	154	138	484	3	1	0	0	0	0	0	0	0	0	0	0	0	0	0	0	0	0	0	0	0
chrM	3p	-	52	124	56	162	142	484	1	4	0	0	0	1	0	0	0	0	0	0	0	0	0	0	0	0	0	0	0
chrM	3p	-	53	110	62	161	151	484	1	2	0	0	0	0	0	0	0	0	0	0	0	0	0	0	0	0	0	0	0
chrM	3p	-	54	117	63	154	150	484	1	8	0	1	0	0	0	0	0	0	0	0	0	0	0	0	0	0	0	0	0
chrM	3p	-	55	114	61	151	158	484	3	3	1	0	0	0	0	0	0	0	0	0	0	0	0	0	0	0	0	0	0
chrM	3p	-	56	117	56	160	151	484	2	6	1	0	0	0	0	0	0	1	0	0	0	0	0	0	0	0	0	0	0
chrM	3p	-	57	120	68	150	146	484	4	5	0	0	0	0	0	0	0	0	0	0	0	0	0	0	0	0	0	0	0
chrM	3p	-	58	137	76	137	134	484	0	7	0	1	0	0	0	0	0	0	0	0	0	0	0	0	0	0	0	0	0
chrM	3p	-	59	123	53	172	136	484	5	3	0	0	0	0	0	0	0	0	0	0	0	0	0	0	0	0	0	0	0
chrM	3p	-	60	124	81	143	136	484	5	1	1	1	0	0	0	0	0	0	0	0	0	0	0	0	0	0	0	0	0
chrM	3p	-	61	105	71	152	156	484	2	4	1	0	0	0	0	0	0	0	0	0	0	0	0	0	0	0	0	0	0
chrM	3p	-	62	130	75	137	142	484	1	3	1	1	0	0	0	0	0	0	0	0	0	0	0	0	0	0	0	0	0
chrM	3p	-	63	121	67	150	146	484	0	4	0	0	0	0	0	0	0	0	0	0	0	0	0	0	0	0	0	0	0
chrM	3p	-	64	141	63	149	131	484	3	4	0	1	0	0	0	0	0	0	0	0	0	0	0	0	0	0	0	0	0
chrM	3p	-	65	116	69	151	148	484	0	5	0	2	0	0	0	0	0	0	0	0	0	0	0	0	0	0	0	0	0
chrM	3p	-	66	113	64	154	153	484	3	2	0	0	0	0	0	1	0	0	0	0	0	0	0	0	0	0	0	0	0
chrM	3p	-	67	123	63	149	149	484	2	4	0	2	0	0	0	0	0	0	0	0	0	0	0	0	0	0	0	0	0
chrM	3p	-	68	121	53	167	143	484	2	4	1	0	0	0	0	0	0	0	0	0	0	0	0	0	0	0	0	0	0
chrM	3p	-	69	118	76	137	153	484	2	3	0	1	0	0	0	0	0	0	0	0	0	0	0	0	0	0	0	0	0
chrM	3p	-	70	132	68	151	133	484	0	7	0	1	0	0	0	0	0	0	0	0	0	0	0	0	0	0	0	0	0
chrM	5p	+	1	150	172	86	125	533	0	32	2	0	0	0	0	0	0	0	0	0	0	0	0	0	0	0	0	0	0
chrM	5p	+	2	147	190	79	117	533	0	22	0	0	0	0	0	0	0	0	0	0	0	0	0	0	0	0	0	0	0
chrM	5p	+	3	160	164	74	135	533	0	24	0	0	0	0	0	0	0	0	0	0	0	0	0	0	0	0	0	0	0
chrM	5p	+	4	166	144	73	150	533	0	13	1	0	0	0	0	0	0	0	0	0	0	0	0	0	0	0	0	0	0
chrM	5p	+	5	176	152	76	129	533	0	11	1	0	0	0	0	0	0	0	0	0	0	0	0	0	0	0	0	0	0
chrM	5p	+	6	158	175	69	131	533	0	11	0	0	0	0	0	0	0	0	0	0	0	0	0	0	0	0	0	0	0
chrM	5p	+	7	173	151	72	137	533	0	10	0	0	0	0	0	0	0	0	0	0	0	0	0	0	0	0	0	0	0
chrM	5p	+	8	168	159	80	126	533	0	10	2	0	0	0	0	0	0	0	0	0	0	0	0	0	0	0	0	0	0
chrM	5p	+	9	165	154	82	132	533	3	10	0	0	0	0	0	0	0	0	0	0	0	0	0	0	0	0	0	0	0
chrM	5p	+	10	162	158	75	138	533	1	7	0	0	0	0	0	0	0	0	0	0	0	0	0	0	0	0	0	0	0
chrM	5p	+	11	156	178	72	127	533	4	3	0	1	0	0	0	0	0	0	0	0	0	0	0	0	0	0	0	0	0
chrM	5p	+	12	153	173	69	138	533	0	7	0	0	0	0	0	0	0	0	0	0	0	0	0	0	0	0	0	0	0
chrM	5p	+	13	159	150	75	149	533	4	6	1	0	0	0	0	0	0	0	0	0	0	0	0	0	0	0	0	0	0
chrM	5p	+	14	173	181	58	121	533	0	8	1	1	0	0	0	1	0	0	0	0	0	0	0	0	0	0	0	0	0
chrM	5p	+	15	150	165	68	150	533	1	9	1	0	0	0	0	0	0	0	0	0	0	0	0	0	0	0	0	0	0
chrM	5p	+	16	154	160	65	154	533	0	6	2	0	0	0	0	0	0	0	0	0	0	0	0	0	0	0	0	0	0
chrM	5p	+	17	171	165	65	132	533	1	6	0	0	0	0	0	0	0	0	0	0	0	0	0	0	0	0	0	0	0
chrM	5p	+	18	173	179	67	114	533	2	10	0	0	0	0	0	0	0	0	0	0	0	0	0	0	0	0	0	0	0
chrM	5p	+	19	174	167	58	134	533	1	5	1	0	0	0	0	0	0	0	0	0	0	0	0	0	0	0	0	0	0
chrM	5p	+	20	169	170	67	127	533	4	4	1	0	0	0	0	0	0	0	0	0	0	0	0	0	0	0	0	0	0
chrM	5p	+	21	165	169	75	124	533	2	8	1	0	0	0	0	1	0	0	0	0	0	0	0	0	0	0	0	0	0
chrM	5p	+	22	160	169	79	125	533	1	4	0	0	0	0	0	1	0	0	0	0	0	0	0	0	0	0	0	0	0
chrM	5p	+	23	179	146	65	142	532	2	8	0	0	0	0	0	0	0	0	0	0	0	0	0	0	0	1	0	0	0
chrM	5p	+	24	175	163	75	120	533	2	0	0	0	0	0	0	0	0	0	0	0	0	0	0	0	0	0	0	0	0
chrM	5p	+	25	157	162	82	132	533	3	2	0	0	0	0	0	0	0	0	0	0	0	0	0	0	0	0	0	0	0
chrM	5p	+	26	155	171	77	130	533	3	2	0	1	0	0	0	0	0	0	0	0	0	0	0	0	0	0	0	0	0
chrM	5p	+	27	149	186	76	122	533	5	7	2	1	0	0	0	0	0	0	0	0	0	0	0	0	0	0	0	0	0
chrM	5p	+	28	162	161	66	144	533	1	3	1	0	0	0	0	0	0	1	0	0	0	0	0	0	0	0	0	0	0
chrM	5p	+	29	148	172	72	141	533	1	2	1	0	0	0	0	0	0	1	0	0	0	0	0	0	0	0	0	0	0
chrM	5p	+	30	158	151	72	152	533	2	5	1	0	0	0	0	0	0	0	0	0	0	0	0	0	0	0	0	0	0
chrM	5p	+	31	165	142	83	143	533	2	2	2	0	0	0	0	1	0	0	0	0	0	0	0	0	0	0	0	0	0
chrM	5p	+	32	155	161	79	138	533	3	1	1	1	0	0	0	0	0	0	0	0	0	0	0	0	0	0	0	0	0
chrM	5p	+	33	146	176	82	129	533	0	6	0	0	0	0	0	0	0	0	0	0	0	0	0	0	0	0	0	0	0
chrM	5p	+	34	142	170	82	139	533	2	9	0	0	0	0	0	0	0	0	0	0	0	0	0	0	0	0	0	0	0
chrM	5p	+	35	159	166	73	135	533	1	6	1	0	0	0	1	0	0	0	0	0	0	0	0	0	0	0	0	0	0
chrM	5p	+	36	154	168	81	130	533	3	6	1	0	0	0	0	0	0	0	0	0	0	0	0	0	0	0	0	0	0
chrM	5p	+	37	146	175	76	136	533	6	2	0	0	0	0	0	0	0	0	0	0	0	0	0	0	0	0	0	0	0
chrM	5p	+	38	178	162	69	124	533	0	4	1	1	1	0	0	1	0	0	0	0	0	0	0	0	0	0	0	0	0
chrM	5p	+	39	173	153	84	123	533	5	5	0	0	1	0	0	0	0	0	0	0	0	0	0	0	0	0	0	0	0
chrM	5p	+	40	156	172	73	132	533	6	5	0	0	0	0	0	1	0	0	0	0	0	0	0	0	0	0	0	0	0
chrM	5p	+	41	169	177	78	109	533	4	3	0	0	0	0	0	1	0	0	0	0	0	0	0	0	0	0	0	0	0
chrM	5p	+	42	159	176	74	124	533	1	3	0	0	0	0	0	0	0	0	0	0	0	0	0	0	0	0	0	0	0
chrM	5p	+	43	156	168	57	152	533	0	5	0	0	0	0	0	0	0	0	0	0	0	0	1	0	0	0	0	0	0
chrM	5p	+	44	170	174	73	115	532	1	3	3	0	0	0	0	0	0	0	0	0	0	0	0	0	0	0	0	0	0
chrM	5p	+	45	172	151	85	125	533	3	4	1	0	0	0	0	0	0	0	0	0	0	0	0	0	0	0	0	0	0
chrM	5p	+	46	171	156	66	140	533	4	4	0	0	0	0	0	0	0	0	0	0	0	0	0	0	0	0	0	0	0
chrM	5p	+	47	150	188	64	131	533	0	3	1	0	0	0	0	0	0	0	0	0	0	0	0	0	0	0	0	0	0
chrM	5p	+	48	177	162	77	117	533	2	2	1	0	0	0	0	0	0	0	0	0	0	0	0	0	0	0	0	0	0
chrM	5p	+	49	165	167	68	133	533	3	5	1	0	0	0	0	0	0	0	0	0	0	0	0	0	0	0	0	0	0
chrM	5p	+	50	149	164	71	149	533	4	4	0	1	0	0	0	1	0	0	0	0	0	0	0	0	0	0	0	0	0
chrM	5p	+	51	148	163	90	132	533	4	4	0	0	0	0	0	0	0	0	0	0	0	0	0	0	0	0	0	0	0
chrM	5p	+	52	166	149	72	146	533	2	2	1	0	0	0	0	0	0	0	0	0	0	0	0	0	0	0	0	0	0
chrM	5p	+	53	179	166	67	121	533	3	6	0	1	0	0	0	0	0	0	0	0	0	0	1	0	0	0	0	0	0
chrM	5p	+	54	148	155	86	144	533	6	6	0	0	0	0	0	0	0	0	0	0	0	0	0	0	0	0	0	0	0
chrM	5p	+	55	160	149	76	148	533	3	0	0	0	0	0	0	0	0	0	0	0	0	0	0	0	0	0	0	0	0
chrM	5p	+	56	149	164	88	132	533	6	5	0	0	0	0	0	0	0	0	0	0	0	0	0	0	0	0	0	0	0
chrM	5p	+	57	146	185	74	128	533	2	4	2	0	1	0	0	1	0	0	0	0	0	0	0	0	0	0	0	0	0
chrM	5p	+	58	167	157	80	129	533	3	3	0	0	0	0	0	0	0	0	0	0	0	0	0	0	0	0	0	0	0
chrM	5p	+	59	161	167	72	133	533	2	5	0	1	0	0	0	0	0	0	0	0	0	0	0	0	0	0	0	0	0
chrM	5p	+	60	173	145	77	138	533	3	2	1	0	0	0	0	0	0	0	0	0	0	0	0	0	0	0	0	0	0
chrM	5p	+	61	159	175	73	126	533	2	5	1	1	0	0	0	0	0	0	1	0	0	0	0	0	0	0	0	0	0
chrM	5p	+	62	185	152	68	128	533	4	4	0	0	0	0	0	1	0	0	0	0	0	0	0	0	0	0	0	0	0
chrM	5p	+	63	156	158	86	133	533	2	3	1	0	0	0	0	1	0	0	0	0	0	0	0	0	0	0	0	0	0
chrM	5p	+	64	171	159	59	144	533	3	4	1	0	0	0	0	0	0	0	0	0	0	0	0	0	0	0	0	0	0
chrM	5p	+	65	175	171	71	116	533	2	4	0	0	0	0	0	1	0	0	0	0	0	0	0	0	0	0	0	0	0
chrM	5p	+	66	177	155	69	132	533	6	4	0	0	0	0	0	0	0	0	0	0	0	0	0	0	0	0	0	0	0
chrM	5p	+	67	168	159	87	119	533	3	5	1	0	0	0	0	0	0	0	0	0	0	0	0	0	0	0	0	0	0
chrM	5p	+	68	172	175	73	113	533	2	8	0	0	0	0	0	1	0	0	0	0	0	0	0	0	0	0	0	0	0
chrM	5p	+	69	150	158	81	144	533	4	2	0	3	0	0	0	0	1	0	0	0	0	0	0	0	0	0	0	0	0
chrM	5p	+	70	177	166	67	122	532	3	4	2	0	0	0	0	1	0	1	0	0	0	0	0	0	1	0	0	0	0
chrM	5p	-	1	100	73	160	151	484	0	12	0	0	1	1	0	0	0	1	1	0	0	0	0	0	0	0	0	0	0
chrM	5p	-	2	105	67	165	147	484	0	6	0	0	0	0	0	0	0	0	0	0	0	0	0	0	0	0	0	0	0
chrM	5p	-	3	127	63	154	140	484	1	8	0	0	0	0	0	0	0	0	0	0	0	0	0	0	0	0	0	0	0
chrM	5p	-	4	131	76	124	153	484	1	7	0	0	0	0	0	0	0	0	0	0	0	0	0	0	0	0	0	0	0
chrM	5p	-	5	118	55	144	167	484	0	8	0	0	0	0	0	0	0	0	0	0	0	0	0	0	0	0	0	0	0
chrM	5p	-	6	115	74	148	147	484	0	7	0	1	0	0	0	0	0	0	0	0	0	0	0	0	0	0	0	0	0
chrM	5p	-	7	129	70	145	140	484	0	7	0	0	0	0	0	0	0	0	0	0	0	0	0	0	0	0	0	0	0
chrM	5p	-	8	107	68	155	154	484	2	4	0	2	0	0	0	0	0	0	0	0	0	0	0	0	0	0	0	0	0
chrM	5p	-	9	135	56	151	142	484	2	6	1	0	0	0	0	0	0	0	0	0	0	0	0	0	0	0	0	0	0
chrM	5p	-	10	121	62	162	139	484	3	1	0	2	0	0	0	0	0	0	0	0	0	0	0	0	0	0	0	0	0
chrM	5p	-	11	105	54	159	166	484	2	1	0	0	0	0	0	1	0	0	0	0	0	0	0	0	0	0	0	0	0
chrM	5p	-	12	129	76	144	135	484	1	6	0	2	0	0	0	0	0	0	0	0	0	0	0	0	0	0	0	0	0
chrM	5p	-	13	131	70	139	144	484	2	6	0	0	0	0	0	0	0	0	0	0	0	0	0	0	0	0	0	0	0
chrM	5p	-	14	123	65	150	146	484	0	3	0	0	0	0	0	0	0	0	0	0	0	0	0	0	0	0	0	0	0
chrM	5p	-	15	122	81	146	135	484	1	5	1	1	0	0	0	0	0	0	0	0	0	0	0	0	0	0	0	0	0
chrM	5p	-	16	120	59	154	151	484	4	0	1	1	0	0	0	0	0	0	0	0	0	0	0	0	0	0	0	0	0
chrM	5p	-	17	117	80	149	138	484	7	2	1	0	0	0	0	0	0	0	0	0	0	0	0	0	0	0	0	0	0
chrM	5p	-	18	127	59	167	131	484	2	4	0	0	0	0	0	0	0	0	0	0	0	0	0	0	0	0	0	0	0
chrM	5p	-	19	129	83	129	143	484	0	7	1	1	0	0	0	0	0	0	0	0	0	0	0	0	0	0	0	0	0
chrM	5p	-	20	117	58	164	145	484	3	5	0	0	0	0	0	0	0	0	0	0	0	0	0	0	0	0	0	0	0
chrM	5p	-	21	122	56	156	150	484	1	5	0	0	0	0	0	0	0	1	0	0	0	0	0	0	0	0	0	0	0
chrM	5p	-	22	110	61	151	162	484	4	3	1	1	0	0	0	0	0	0	0	0	0	0	0	0	0	0	0	0	0
chrM	5p	-	23	114	60	161	149	484	2	7	0	0	0	0	0	0	0	0	0	0	0	0	0	0	0	0	0	0	0
chrM	5p	-	24	116	64	152	152	484	1	2	0	0	0	0	0	0	0	0	0	0	0	0	0	0	0	0	0	0	0
chrM	5p	-	25	128	61	157	138	484	1	4	0	0	0	1	0	0	0	0	0	0	0	0	0	0	0	0	0	0	0
chrM	5p	-	26	109	77	155	143	484	7	3	0	0	0	0	0	0	0	0	0	0	0	0	0	0	0	0	0	0	0
chrM	5p	-	27	127	48	144	165	484	2	2	0	0	0	0	0	0	0	0	0	0	0	0	0	0	0	0	0	0	0
chrM	5p	-	28	121	58	157	148	484	3	2	0	0	0	0	0	0	0	0	0	0	0	0	0	0	0	0	0	0	0
chrM	5p	-	29	112	60	173	139	484	5	6	0	0	0	0	0	0	0	0	0	0	0	0	0	0	0	0	0	0	0
chrM	5p	-	30	114	59	150	161	484	4	3	0	0	0	0	0	0	0	0	0	0	0	0	0	0	0	0	0	0	0
chrM	5p	-	31	135	71	152	126	484	3	4	0	0	0	0	0	1	0	0	0	0	0	0	0	0	0	0	0	0	0
chrM	5p	-	32	116	62	161	145	484	2	0	0	1	0	0	0	0	0	0	0	0	0	0	0	0	0	0	0	0	0
chrM	5p	-	33	117	65	150	152	484	3	3	0	1	0	0	0	0	0	0	0	0	0	0	0	0	0	0	0	0	0
chrM	5p	-	34	128	67	150	139	484	8	1	0	0	0	0	0	0	0	0	0	0	0	0	0	0	0	0	0	0	0
chrM	5p	-	35	125	71	147	141	484	4	3	0	0	0	0	0	0	0	0	0	0	0	0	0	0	0	0	0	0	0
chrM	5p	-	36	125	67	152	140	484	3	1	0	2	0	0	0	0	0	0	0	0	0	0	0	0	0	0	0	0	0
chrM	5p	-	37	132	58	150	144	484	5	1	0	0	0	0	0	0	0	0	0	0	0	0	0	0	0	0	0	0	0
chrM	5p	-	38	109	65	162	148	484	3	1	0	0	0	0	0	0	0	0	0	0	0	0	0	0	0	0	0	0	0
chrM	5p	-	39	118	53	157	156	484	3	3	0	1	0	0	0	0	0	0	0	0	0	0	0	0	0	0	0	0	0
chrM	5p	-	40	123	55	168	138	484	7	2	0	0	0	0	0	0	0	0	0	0	0	0	0	0	0	0	0	0	0
chrM	5p	-	41	108	59	180	137	484	7	4	0	4	0	0	0	0	0	0	0	0	0	0	0	0	0	0	0	0	0
chrM	5p	-	42	121	68	148	146	483	7	4	0	0	0	0	0	0	0	0	0	0	0	0	0	0	0	0	0	0	0
chrM	5p	-	43	135	63	136	150	484	5	1	0	1	0	0	0	0	0	0	0	0	0	0	0	1	0	0	0	0	0
chrM	5p	-	44	102	71	177	134	484	1	5	0	1	0	0	0	0	0	0	0	0	0	0	0	0	0	0	0	0	0
chrM	5p	-	45	101	70	155	158	484	4	1	0	1	0	0	0	0	0	0	0	0	0	0	0	0	0	0	0	0	0
chrM	5p	-	46	116	70	152	146	484	7	3	0	0	0	0	0	0	0	0	0	0	0	0	0	0	0	0	0	0	0
chrM	5p	-	47	136	58	139	151	484	0	3	0	1	0	0	0	0	0	0	0	0	0	0	0	0	0	0	0	0	0
chrM	5p	-	48	129	55	150	150	484	4	2	1	0	0	0	0	0	0	0	0	0	0	0	0	0	0	0	0	0	0
chrM	5p	-	49	116	64	147	157	484	1	1	0	0	0	0	0	0	0	0	0	0	0	0	0	0	0	0	0	0	0
chrM	5p	-	50	117	52	157	158	484	7	3	0	0	0	0	0	0	0	0	0	0	0	0	0	0	0	0	0	0	0
chrM	5p	-	51	117	56	158	153	484	1	2	0	0	0	0	0	0	0	0	0	0	0	0	1	1	0	0	0	0	0
chrM	5p	-	52	113	75	147	149	484	6	1	0	1	0	0	0	0	0	0	0	0	0	0	0	0	0	0	0	0	0
chrM	5p	-	53	116	71	149	148	484	8	4	0	0	0	1	0	0	0	0	0	0	0	0	0	0	0	0	0	0	0
chrM	5p	-	54	134	76	149	125	484	7	2	0	0	0	0	0	0	0	0	0	0	0	0	0	0	0	0	0	0	0
chrM	5p	-	55	114	78	155	137	484	7	5	0	0	0	0	0	0	0	0	0	0	0	0	0	0	0	0	0	0	0
chrM	5p	-	56	121	62	151	150	484	9	2	0	1	0	0	0	0	0	0	0	0	0	0	0	0	0	0	0	0	0
chrM	5p	-	57	114	68	160	142	484	11	1	0	1	0	0	0	0	0	0	0	0	0	0	0	0	0	0	0	0	0
chrM	5p	-	58	132	69	150	133	484	5	4	0	0	0	0	0	0	0	0	0	0	0	0	0	0	0	0	0	0	0
chrM	5p	-	59	111	63	168	142	484	8	1	1	0	0	0	0	0	0	0	0	0	0	0	0	0	0	0	0	0	0
chrM	5p	-	60	106	66	164	148	484	5	5	0	0	0	0	0	0	0	0	0	0	0	0	0	0	0	0	0	0	0
chrM	5p	-	61	109	76	153	146	484	8	4	0	0	0	0	0	0	0	1	0	1	0	0	0	0	0	0	0	0	0
chrM	5p	-	62	106	54	156	168	484	5	0	0	0	0	0	1	0	0	0	0	0	0	0	0	0	0	0	0	0	0
chrM	5p	-	63	125	58	159	142	484	6	2	0	1	0	0	0	0	0	0	0	0	0	0	0	0	0	0	0	0	0
chrM	5p	-	64	124	63	149	148	484	6	2	2	0	0	0	0	0	0	0	0	0	0	0	0	0	0	0	0	0	0
chrM	5p	-	65	100	67	166	151	484	3	2	0	0	0	0	0	0	0	1	0	0	0	0	0	0	0	0	0	0	0
chrM	5p	-	66	117	55	159	153	484	7	0	0	0	0	0	0	0	0	2	0	0	0	0	0	0	0	0	0	0	0
chrM	5p	-	67	111	72	156	145	484	4	0	0	0	0	0	0	0	0	0	0	0	0	0	0	0	0	0	0	0	0
chrM	5p	-	68	111	62	160	151	484	8	2	0	0	0	0	0	0	0	0	0	0	0	0	0	0	0	0	0	0	0
chrM	5p	-	69	134	56	165	129	484	7	2	0	1	0	0	0	0	0	0	0	0	0	0	0	0	0	0	0	0	0
chrM	5p	-	70	117	57	161	147	482	10	3	1	1	0	0	0	0	0	1	0	1	0	1	0	0	1	0	0	1	0
