# table produced by mapDamage version 2.0.3
# using mapped file /ebc_data/cls83/Johns/JDS3_02/J-85/bam/J-85.truncated.aln.chrM_filtered_sort_umr_dedup_readgroups.bam and /ebc_data/cls83/indexes/chrM.fasta as reference file
# Chr: reference from sam/bam header, End: from which termini of DNA sequences, Std: strand of reads
Chr	End	Std	Pos	A	C	G	T	Total	G>A	C>T	A>G	T>C	A>C	A>T	C>G	C>A	T>G	T>A	G>C	G>T	A>-	T>-	C>-	G>-	->A	->T	->C	->G	S
chrM	3p	+	1	508	218	203	321	1250	35	21	30	1	0	33	34	61	24	35	0	16	0	0	0	0	0	0	0	0	0
chrM	3p	+	2	392	364	187	307	1250	28	5	18	4	4	1	16	65	25	33	1	0	0	0	0	0	0	0	0	0	0
chrM	3p	+	3	368	407	162	313	1250	15	8	27	2	3	5	26	36	31	10	1	3	0	0	0	0	0	0	0	0	0
chrM	3p	+	4	379	398	173	299	1249	32	5	0	0	0	1	1	45	0	32	0	2	0	0	0	0	1	0	0	0	0
chrM	3p	+	5	384	387	175	303	1249	16	4	8	0	0	0	8	2	6	2	1	3	0	0	0	0	1	0	0	0	0
chrM	3p	+	6	412	383	177	274	1246	12	3	3	0	0	0	4	9	3	7	1	0	0	0	1	0	3	0	0	1	0
chrM	3p	+	7	350	419	176	302	1247	8	4	0	1	0	0	1	3	1	8	0	0	0	2	1	0	2	0	0	1	0
chrM	3p	+	8	382	385	198	283	1248	8	7	0	0	0	0	1	4	0	1	0	0	0	1	1	0	2	0	0	0	0
chrM	3p	+	9	392	385	175	298	1250	12	4	1	0	0	0	0	2	0	0	1	0	0	0	1	1	0	0	0	0	0
chrM	3p	+	10	388	375	171	316	1250	7	4	1	2	0	1	0	1	0	0	0	0	0	0	1	0	0	0	0	0	0
chrM	3p	+	11	391	389	175	295	1250	8	5	1	0	0	0	0	1	0	1	0	0	0	0	0	0	0	0	0	0	0
chrM	3p	+	12	356	439	156	299	1250	6	8	0	1	1	0	0	5	1	1	0	0	0	0	0	0	0	0	0	0	0
chrM	3p	+	13	373	380	194	303	1250	10	6	2	0	0	0	0	1	0	0	0	0	0	0	0	0	0	0	0	0	0
chrM	3p	+	14	393	375	154	328	1250	3	5	0	0	0	1	0	1	0	1	0	0	0	0	0	0	0	0	0	0	0
chrM	3p	+	15	381	411	158	300	1250	11	4	0	0	0	0	0	1	1	0	0	0	0	0	0	0	0	0	0	0	0
chrM	3p	+	16	378	389	164	319	1250	7	13	0	0	0	0	0	0	1	0	0	0	0	0	0	0	0	0	0	0	0
chrM	3p	+	17	384	390	183	293	1250	11	13	0	2	0	0	2	1	0	2	0	0	0	0	0	0	0	0	0	0	0
chrM	3p	+	18	353	414	182	301	1250	10	8	0	1	0	0	0	1	0	1	0	0	0	0	0	0	0	0	0	0	0
chrM	3p	+	19	384	374	186	306	1250	5	9	0	1	1	1	0	3	0	0	0	0	0	0	0	0	0	0	0	0	0
chrM	3p	+	20	397	381	166	306	1250	7	8	2	1	1	0	1	0	0	1	0	0	0	0	0	0	0	0	0	0	0
chrM	3p	+	21	384	369	183	314	1250	7	7	0	1	0	1	0	0	0	0	0	0	0	0	0	0	0	0	0	0	0
chrM	3p	+	22	379	388	164	319	1250	8	12	0	0	0	0	0	1	0	1	0	0	0	0	0	0	0	0	0	0	0
chrM	3p	+	23	365	413	183	288	1249	5	8	1	1	0	0	0	1	0	0	0	0	0	0	0	0	0	0	0	0	0
chrM	3p	+	24	404	373	173	299	1249	6	12	0	1	2	1	0	0	0	0	0	0	0	0	0	0	0	0	1	0	0
chrM	3p	+	25	370	399	196	284	1249	10	10	2	0	0	0	0	0	0	0	0	0	0	0	0	0	0	0	0	0	0
chrM	3p	+	26	386	384	176	304	1250	12	13	0	1	0	0	0	1	0	1	0	0	0	0	1	0	0	0	0	0	0
chrM	3p	+	27	405	393	166	285	1249	8	5	1	0	1	0	1	1	0	0	0	0	0	0	0	0	0	0	1	0	0
chrM	3p	+	28	383	382	166	319	1250	2	8	0	1	1	0	0	2	0	0	0	0	0	0	0	0	0	0	0	0	0
chrM	3p	+	29	396	399	162	293	1250	7	9	0	1	0	0	1	0	0	1	0	0	0	0	0	0	0	0	0	0	0
chrM	3p	+	30	403	369	156	322	1250	6	10	0	0	1	0	0	1	0	0	0	0	0	0	0	0	0	0	0	0	0
chrM	3p	+	31	382	370	193	304	1249	9	5	0	0	0	0	0	0	0	1	0	0	0	0	0	0	0	0	0	0	0
chrM	3p	+	32	369	380	175	326	1250	8	15	0	0	0	0	0	1	0	1	0	0	0	0	2	0	0	0	0	0	0
chrM	3p	+	33	396	400	161	292	1249	8	13	0	0	0	0	0	2	0	0	0	0	0	0	0	0	0	0	1	0	0
chrM	3p	+	34	345	375	205	324	1249	7	15	2	0	0	0	0	0	0	0	0	0	0	0	0	0	0	1	0	0	0
chrM	3p	+	35	374	388	179	309	1250	7	15	2	1	0	0	0	0	0	1	0	0	0	0	0	0	0	0	0	0	0
chrM	3p	+	36	393	393	160	304	1250	7	12	2	1	1	0	0	0	0	0	0	0	0	0	0	0	0	0	0	0	0
chrM	3p	+	37	358	388	179	325	1250	4	11	1	0	0	0	0	0	0	0	0	0	0	0	0	0	0	0	0	0	0
chrM	3p	+	38	387	368	166	329	1250	7	8	1	0	0	0	0	0	0	0	0	0	0	0	0	0	0	0	0	0	0
chrM	3p	+	39	400	398	147	305	1250	4	8	0	0	0	0	0	0	0	0	0	0	0	0	0	0	0	0	0	0	0
chrM	3p	+	40	377	388	168	317	1250	5	14	1	0	0	0	1	1	0	0	0	0	0	0	0	0	0	0	0	0	0
chrM	3p	+	41	397	369	178	306	1250	5	14	1	1	0	0	0	1	0	0	0	0	0	0	0	0	0	0	0	0	0
chrM	3p	+	42	373	421	162	293	1249	9	8	1	0	0	0	0	1	0	0	0	0	0	0	1	0	0	0	1	0	0
chrM	3p	+	43	373	343	185	349	1250	5	12	0	0	0	0	0	0	0	1	0	1	0	0	1	0	0	0	0	0	0
chrM	3p	+	44	378	386	193	293	1250	5	6	2	1	0	0	0	0	0	0	0	0	0	0	0	0	0	0	0	0	0
chrM	3p	+	45	393	392	163	301	1249	8	10	0	0	0	0	0	0	0	1	1	0	0	0	0	0	1	0	0	0	0
chrM	3p	+	46	385	396	166	303	1250	2	15	2	0	0	0	0	0	0	0	0	1	0	0	0	0	0	0	0	0	0
chrM	3p	+	47	401	382	177	290	1250	6	11	1	0	0	0	0	1	0	0	1	0	0	0	0	0	0	0	0	0	0
chrM	3p	+	48	396	398	158	297	1249	4	10	2	0	0	0	0	1	0	0	0	0	0	0	0	0	0	0	0	0	0
chrM	3p	+	49	364	398	159	329	1250	6	11	0	0	0	0	0	2	0	0	0	0	0	0	1	0	0	0	0	0	0
chrM	3p	+	50	368	392	159	331	1250	7	12	1	0	0	0	0	0	0	0	0	0	0	0	0	0	0	0	0	0	0
chrM	3p	+	51	403	369	159	319	1250	2	10	0	0	0	1	0	1	0	0	0	0	0	0	0	0	0	0	0	0	0
chrM	3p	+	52	377	386	182	305	1250	2	6	1	0	0	1	0	0	0	0	0	0	0	0	0	0	0	0	0	0	0
chrM	3p	+	53	399	389	160	302	1250	3	7	0	0	0	0	0	0	0	0	0	0	0	0	0	0	0	0	0	0	0
chrM	3p	+	54	376	402	167	305	1250	7	16	0	0	1	0	0	1	0	0	0	0	0	0	0	0	0	0	0	0	0
chrM	3p	+	55	392	384	172	302	1250	6	10	2	1	0	0	0	0	1	0	0	0	0	0	0	0	0	0	0	0	0
chrM	3p	+	56	365	378	163	344	1250	4	14	0	1	0	0	0	0	0	0	0	0	0	0	0	0	0	0	0	0	0
chrM	3p	+	57	381	382	166	321	1250	3	12	1	1	0	0	0	1	0	0	0	0	0	0	0	0	0	0	0	0	0
chrM	3p	+	58	373	398	148	330	1249	2	6	1	0	0	0	0	1	0	0	0	0	0	0	0	0	0	0	0	0	0
chrM	3p	+	59	400	384	176	290	1250	4	14	2	0	0	0	0	0	0	0	1	0	0	0	1	0	0	0	0	0	0
chrM	3p	+	60	336	426	155	333	1250	4	13	0	0	0	0	0	0	0	0	0	1	0	0	0	0	0	0	0	0	0
chrM	3p	+	61	348	411	170	320	1249	0	15	1	0	0	0	0	0	0	0	0	0	0	0	0	0	0	0	0	0	0
chrM	3p	+	62	413	381	164	292	1250	3	15	1	0	1	0	0	0	0	0	0	0	0	0	1	0	0	0	0	0	0
chrM	3p	+	63	395	379	159	317	1250	3	13	0	0	0	0	0	1	0	0	0	0	0	0	0	0	0	0	0	0	0
chrM	3p	+	64	352	399	180	319	1250	3	8	0	0	0	0	0	0	0	0	0	0	0	0	0	0	0	0	0	0	0
chrM	3p	+	65	372	403	169	305	1249	3	21	0	0	0	0	0	0	0	0	0	0	0	0	0	0	0	0	0	0	0
chrM	3p	+	66	363	412	156	319	1250	3	12	0	0	0	0	0	0	0	0	0	0	0	0	1	0	0	0	0	0	0
chrM	3p	+	67	393	380	161	316	1250	6	14	0	0	0	0	0	2	0	0	0	0	0	0	0	0	0	0	0	0	0
chrM	3p	+	68	390	386	170	304	1250	2	26	1	0	0	0	0	2	0	0	0	0	0	0	0	0	0	0	0	0	0
chrM	3p	+	69	392	368	155	335	1250	0	24	0	0	0	0	0	0	0	0	0	0	0	0	0	0	0	0	0	0	0
chrM	3p	+	70	396	358	183	313	1250	3	21	0	0	0	0	0	0	0	0	0	0	0	0	0	0	0	0	0	0	0
chrM	3p	-	1	375	98	501	408	1382	77	16	24	0	0	16	14	30	14	53	0	32	0	0	0	0	0	0	0	0	0
chrM	3p	-	2	360	152	453	415	1380	82	2	22	7	8	1	8	33	17	61	8	3	0	0	0	0	0	0	2	0	0
chrM	3p	-	3	317	182	440	438	1377	45	5	27	2	4	3	7	15	37	31	6	6	0	0	0	1	0	4	0	1	0
chrM	3p	-	4	354	177	408	434	1373	54	4	0	4	1	1	0	31	2	51	1	5	0	2	2	1	6	1	2	0	0
chrM	3p	-	5	352	187	419	414	1372	30	6	5	0	3	2	1	2	3	5	2	0	0	1	0	0	2	1	1	6	0
chrM	3p	-	6	299	191	435	451	1376	41	4	2	0	1	1	1	3	1	14	2	2	0	4	0	0	3	0	0	3	0
chrM	3p	-	7	351	199	424	402	1376	39	2	2	1	0	0	0	3	1	13	0	1	0	2	3	2	2	0	0	4	0
chrM	3p	-	8	337	196	420	427	1380	27	6	2	2	0	0	0	1	0	4	0	1	0	3	0	0	2	0	0	0	0
chrM	3p	-	9	310	183	441	448	1382	26	6	0	0	0	0	1	2	0	2	0	1	0	0	0	0	0	0	0	0	0
chrM	3p	-	10	384	186	411	400	1381	21	5	0	0	0	0	0	1	0	3	0	1	0	1	0	0	0	0	0	1	0
chrM	3p	-	11	335	173	470	404	1382	19	0	0	2	0	0	0	0	0	0	0	0	0	0	0	0	0	0	0	0	0
chrM	3p	-	12	315	196	436	435	1382	22	7	0	1	0	1	0	1	0	0	0	0	0	0	0	1	0	0	0	0	0
chrM	3p	-	13	365	169	442	405	1381	14	4	1	0	0	0	0	0	0	0	0	0	0	0	0	0	0	0	0	0	0
chrM	3p	-	14	337	189	426	430	1382	28	4	2	1	0	0	0	0	0	0	1	0	0	0	0	1	0	0	0	0	0
chrM	3p	-	15	332	186	431	432	1381	10	7	1	1	0	0	0	1	0	0	0	0	0	0	0	0	0	0	0	0	0
chrM	3p	-	16	357	224	409	392	1382	16	10	0	0	0	0	0	1	0	2	0	0	0	0	0	0	0	0	0	0	0
chrM	3p	-	17	377	189	398	418	1382	22	3	0	1	0	0	0	0	0	0	0	1	0	0	0	1	0	0	0	0	0
chrM	3p	-	18	361	182	421	417	1381	17	7	1	0	0	0	0	0	0	0	0	0	0	0	0	0	0	0	0	0	0
chrM	3p	-	19	378	189	409	406	1382	16	6	0	1	0	0	0	0	0	0	0	0	0	0	0	0	0	0	0	0	0
chrM	3p	-	20	345	183	397	457	1382	12	2	0	1	0	0	0	0	0	1	0	1	0	0	0	1	0	0	0	0	0
chrM	3p	-	21	313	192	438	438	1381	18	2	0	2	0	1	0	0	0	0	0	0	0	0	0	0	0	0	0	0	0
chrM	3p	-	22	356	189	433	404	1382	11	3	0	0	0	0	0	0	0	1	2	0	0	0	0	0	0	0	0	0	0
chrM	3p	-	23	357	181	423	421	1382	10	0	0	2	0	0	0	2	0	1	0	0	0	0	0	0	0	0	0	0	0
chrM	3p	-	24	320	203	447	412	1382	16	8	0	0	0	0	0	0	0	2	0	0	0	0	0	0	0	0	0	0	0
chrM	3p	-	25	365	198	423	396	1382	13	6	1	1	0	0	0	0	0	1	0	0	0	0	0	0	0	0	0	0	0
chrM	3p	-	26	335	173	456	418	1382	15	6	0	1	0	0	0	1	0	0	0	0	0	0	0	0	0	0	0	0	0
chrM	3p	-	27	344	184	428	426	1382	16	10	0	0	0	0	0	0	0	0	0	0	0	0	0	0	0	0	0	0	0
chrM	3p	-	28	353	205	424	400	1382	21	6	0	1	0	0	0	1	0	0	0	0	0	0	0	0	0	0	0	0	0
chrM	3p	-	29	353	165	454	410	1382	18	3	0	2	0	0	0	0	0	0	0	0	0	0	0	0	0	0	0	0	0
chrM	3p	-	30	347	188	438	409	1382	16	8	0	0	0	0	0	0	0	0	0	0	0	0	0	1	0	0	0	0	0
chrM	3p	-	31	372	185	413	412	1382	16	5	0	0	0	0	0	0	0	0	1	1	0	0	0	2	0	0	0	0	0
chrM	3p	-	32	304	180	491	405	1380	16	6	0	0	0	0	0	0	0	0	0	0	0	0	0	0	0	0	0	1	0
chrM	3p	-	33	357	198	417	410	1382	12	6	1	2	0	0	0	1	0	0	0	1	0	0	0	0	0	0	0	0	0
chrM	3p	-	34	351	182	424	425	1382	13	5	0	1	0	0	0	0	0	0	1	0	0	0	0	0	0	0	0	0	0
chrM	3p	-	35	333	180	444	425	1382	18	4	0	1	0	0	0	0	0	1	0	0	0	1	0	0	0	0	0	0	0
chrM	3p	-	36	321	198	426	437	1382	14	4	2	0	0	0	0	0	0	0	1	0	0	0	0	0	0	0	0	0	0
chrM	3p	-	37	362	177	451	392	1382	18	8	2	1	0	0	0	0	0	0	0	0	0	0	0	0	0	0	0	0	0
chrM	3p	-	38	356	168	427	431	1382	12	6	0	1	0	0	0	0	0	0	0	0	0	1	0	0	0	0	0	0	0
chrM	3p	-	39	331	205	422	424	1382	6	3	0	1	0	0	1	0	0	0	0	0	0	0	0	0	0	0	0	0	0
chrM	3p	-	40	362	192	443	385	1382	10	4	1	1	0	0	0	0	0	0	0	0	0	0	0	0	0	0	0	0	0
chrM	3p	-	41	349	188	421	424	1382	10	5	0	0	0	0	0	0	0	0	0	0	0	0	0	0	0	0	0	0	0
chrM	3p	-	42	305	206	437	434	1382	12	2	1	1	0	0	0	1	0	1	0	1	0	0	0	0	0	0	0	0	0
chrM	3p	-	43	388	179	381	434	1382	7	5	1	0	0	0	0	0	0	0	0	0	0	0	0	0	0	0	0	0	0
chrM	3p	-	44	347	167	435	433	1382	11	5	0	2	0	0	0	0	0	1	0	0	0	0	0	0	0	0	0	0	0
chrM	3p	-	45	325	206	423	428	1382	15	7	0	0	0	0	0	0	0	0	0	0	0	0	0	0	0	0	0	0	0
chrM	3p	-	46	338	170	469	405	1382	10	11	0	1	0	0	0	0	0	0	0	1	0	0	0	0	0	0	0	0	0
chrM	3p	-	47	325	180	431	446	1382	14	9	0	2	0	0	0	0	0	0	0	0	0	0	0	0	0	0	0	0	0
chrM	3p	-	48	320	210	408	444	1382	3	10	0	1	0	0	0	0	0	0	0	0	0	0	0	1	0	0	0	0	0
chrM	3p	-	49	354	191	418	418	1381	9	7	0	3	0	0	0	0	0	0	0	0	0	0	0	0	0	0	0	0	0
chrM	3p	-	50	315	186	438	443	1382	6	4	0	3	0	0	0	0	0	1	0	0	0	0	0	0	0	0	0	0	0
chrM	3p	-	51	300	201	449	432	1382	10	13	0	0	0	0	0	0	0	0	0	0	0	0	0	0	0	0	0	0	0
chrM	3p	-	52	361	190	423	408	1382	6	9	0	0	0	0	0	0	0	0	0	0	0	0	0	0	0	0	0	0	0
chrM	3p	-	53	354	171	423	434	1382	11	8	0	2	0	0	0	0	1	0	0	0	0	0	0	0	0	0	0	0	0
chrM	3p	-	54	301	194	431	455	1381	3	10	1	0	0	0	0	0	0	0	0	0	0	0	0	0	0	1	0	0	0
chrM	3p	-	55	325	183	462	412	1382	3	4	0	0	0	0	0	0	0	0	0	0	0	0	0	0	0	0	0	0	0
chrM	3p	-	56	334	194	423	431	1382	9	10	0	0	0	0	0	0	0	0	0	0	0	0	0	0	0	0	0	0	0
chrM	3p	-	57	305	183	452	442	1382	7	12	0	0	0	0	0	0	0	0	0	0	0	0	0	0	0	0	0	0	0
chrM	3p	-	58	371	208	405	398	1382	0	10	0	1	0	0	0	0	0	0	0	0	0	0	0	0	0	0	0	0	0
chrM	3p	-	59	308	182	456	436	1382	5	7	0	1	0	0	0	0	0	0	0	0	0	0	0	0	0	0	0	0	0
chrM	3p	-	60	334	199	473	376	1382	8	17	0	1	0	0	0	0	0	0	0	0	0	0	0	0	0	0	0	0	0
chrM	3p	-	61	345	191	417	429	1382	5	9	0	1	0	0	0	0	0	0	0	0	0	0	0	0	0	0	0	0	0
chrM	3p	-	62	335	159	453	435	1382	2	4	0	0	0	0	0	0	0	0	0	0	0	0	0	0	0	0	0	0	0
chrM	3p	-	63	324	201	428	429	1382	2	9	0	2	0	0	0	0	0	0	0	0	0	0	0	0	0	0	0	0	0
chrM	3p	-	64	348	180	426	428	1382	4	9	1	0	0	0	0	0	0	0	0	0	0	0	0	0	0	0	0	0	0
chrM	3p	-	65	333	172	464	413	1382	3	13	1	2	0	0	0	1	0	0	1	0	0	0	0	1	0	0	0	0	0
chrM	3p	-	66	305	165	460	451	1381	7	9	1	1	0	0	0	0	0	0	0	0	0	0	0	0	0	0	0	0	0
chrM	3p	-	67	367	173	417	425	1382	4	7	0	3	0	0	0	0	0	0	0	1	0	0	0	0	0	0	0	0	0
chrM	3p	-	68	353	169	437	423	1382	2	13	1	0	0	0	0	0	0	0	0	0	0	0	0	1	0	0	0	0	0
chrM	3p	-	69	311	180	445	445	1381	4	15	0	0	0	0	0	0	0	0	0	0	0	0	0	0	0	0	0	0	0
chrM	3p	-	70	350	187	432	413	1382	1	11	0	2	0	0	0	1	0	0	0	0	0	0	0	0	0	0	0	0	0
chrM	5p	+	1	354	433	175	287	1249	1	70	1	0	1	0	0	0	0	1	0	0	0	0	0	0	0	0	0	0	0
chrM	5p	+	2	347	437	177	289	1250	0	50	0	0	0	0	0	0	0	0	0	0	1	0	0	0	0	0	0	0	0
chrM	5p	+	3	387	363	183	317	1250	0	39	0	2	0	0	0	0	0	0	0	0	0	0	1	0	0	0	0	0	0
chrM	5p	+	4	378	390	172	310	1250	0	42	0	0	0	0	0	0	0	0	0	0	0	0	0	0	0	0	0	0	0
chrM	5p	+	5	396	394	169	291	1250	0	37	0	0	0	0	0	0	1	0	0	0	0	0	0	0	0	0	0	0	0
chrM	5p	+	6	377	402	183	288	1250	3	35	0	1	0	0	0	1	0	0	0	0	0	0	0	0	0	0	0	0	0
chrM	5p	+	7	417	352	168	313	1250	3	26	0	0	0	0	0	0	0	0	0	0	0	0	0	0	0	0	0	0	0
chrM	5p	+	8	383	372	179	316	1250	1	22	0	0	0	0	0	2	0	0	0	0	0	0	0	0	0	0	0	0	0
chrM	5p	+	9	401	396	151	302	1250	4	19	1	0	0	0	0	0	0	0	0	0	0	0	0	0	0	0	0	0	0
chrM	5p	+	10	368	381	170	331	1250	4	11	0	0	0	0	0	2	0	0	0	0	0	0	0	0	0	0	0	0	0
chrM	5p	+	11	367	408	157	318	1250	3	15	0	0	0	0	0	0	0	0	0	0	0	0	0	0	0	0	0	0	0
chrM	5p	+	12	379	406	169	296	1250	3	19	0	0	0	0	0	0	0	0	0	0	0	0	1	0	0	0	0	0	0
chrM	5p	+	13	368	380	177	324	1249	4	7	0	0	0	0	0	0	0	0	0	0	0	0	0	0	0	0	0	0	0
chrM	5p	+	14	396	387	154	313	1250	2	14	0	0	0	0	0	1	0	0	0	0	0	0	0	0	0	0	0	0	0
chrM	5p	+	15	386	388	163	313	1250	2	19	1	0	1	0	0	0	0	0	0	0	0	0	1	0	0	0	0	0	0
chrM	5p	+	16	357	406	163	323	1249	3	12	1	0	0	0	0	0	0	0	0	1	0	0	0	0	0	0	0	0	0
chrM	5p	+	17	347	415	166	322	1250	2	13	1	0	0	0	0	0	0	0	0	0	0	0	1	0	0	0	0	0	0
chrM	5p	+	18	382	412	170	285	1249	4	11	1	0	0	0	0	0	0	0	1	0	0	0	0	0	0	0	0	0	0
chrM	5p	+	19	393	382	154	321	1250	2	8	2	0	0	0	0	1	1	0	0	0	0	0	0	0	0	0	0	0	0
chrM	5p	+	20	375	367	171	337	1250	5	14	0	1	0	0	0	1	0	0	0	0	0	0	0	0	0	0	0	0	0
chrM	5p	+	21	362	393	157	338	1250	4	10	1	2	1	0	0	0	0	0	0	0	0	0	0	0	0	0	0	0	0
chrM	5p	+	22	397	386	162	305	1250	6	13	1	0	0	0	0	0	0	0	0	0	0	0	0	0	0	0	0	0	0
chrM	5p	+	23	378	395	173	304	1250	4	14	0	0	0	0	0	1	0	0	0	0	0	0	0	0	0	0	0	0	0
chrM	5p	+	24	387	390	176	297	1250	3	8	0	0	0	0	0	0	0	0	0	0	0	0	0	0	0	0	0	0	0
chrM	5p	+	25	386	384	170	310	1250	3	4	1	0	0	2	0	1	0	0	0	0	0	0	0	0	0	0	0	0	0
chrM	5p	+	26	395	369	162	324	1250	3	11	1	0	0	0	0	0	0	0	0	0	0	0	0	0	0	0	0	0	0
chrM	5p	+	27	379	397	163	311	1250	7	11	0	0	0	0	0	0	0	0	0	0	0	0	0	0	0	0	0	0	0
chrM	5p	+	28	362	395	159	334	1250	7	15	2	0	0	0	0	2	0	0	0	0	0	0	0	0	0	0	0	0	0
chrM	5p	+	29	389	396	161	304	1250	2	9	1	0	0	0	0	1	0	0	1	0	0	0	1	0	0	0	0	0	0
chrM	5p	+	30	406	376	165	302	1249	6	10	1	0	0	0	0	1	0	0	0	1	0	0	0	0	0	0	0	0	0
chrM	5p	+	31	378	396	183	293	1250	3	12	1	0	0	0	0	0	0	0	1	0	0	0	0	0	0	0	0	0	0
chrM	5p	+	32	392	395	156	306	1249	7	11	1	1	0	0	0	0	0	1	0	0	0	0	0	0	1	0	0	0	0
chrM	5p	+	33	372	384	188	306	1250	9	8	1	0	0	0	0	0	0	0	0	0	0	0	0	0	0	0	0	0	0
chrM	5p	+	34	369	370	167	343	1249	6	10	1	0	0	0	0	1	0	1	0	1	0	0	0	0	0	0	1	0	0
chrM	5p	+	35	384	391	177	298	1250	4	10	0	1	0	0	0	1	0	0	0	0	0	0	0	0	0	0	0	0	0
chrM	5p	+	36	400	375	180	295	1250	5	12	1	0	0	0	0	1	0	0	0	0	0	0	1	0	0	0	0	0	0
chrM	5p	+	37	372	397	162	319	1250	6	15	1	0	0	0	1	0	0	0	0	0	0	0	1	0	0	0	0	0	0
chrM	5p	+	38	409	371	155	315	1250	3	6	1	0	0	0	0	0	0	0	0	0	0	0	0	0	0	0	0	0	0
chrM	5p	+	39	381	386	164	319	1250	7	7	1	0	0	0	0	0	0	0	0	0	0	0	0	0	0	0	0	0	0
chrM	5p	+	40	351	402	179	318	1250	5	16	1	0	0	0	0	0	0	0	0	0	0	0	0	0	0	0	0	0	0
chrM	5p	+	41	391	380	167	312	1250	8	11	2	1	1	0	0	0	0	0	0	0	0	0	0	0	0	0	0	0	0
chrM	5p	+	42	372	410	172	296	1250	7	20	1	1	0	0	0	0	0	1	0	0	0	0	0	0	0	0	0	0	0
chrM	5p	+	43	371	360	189	329	1249	7	12	2	0	0	0	0	0	0	0	0	0	0	0	0	0	0	1	0	0	0
chrM	5p	+	44	378	410	173	288	1249	9	11	0	0	0	0	0	3	0	0	0	0	0	0	0	0	0	0	1	0	0
chrM	5p	+	45	377	361	182	330	1250	7	15	0	0	0	0	0	0	0	1	0	0	0	0	1	0	0	0	0	0	0
chrM	5p	+	46	383	379	187	301	1250	10	4	0	0	1	0	0	1	0	1	0	0	0	0	1	0	0	0	0	0	0
chrM	5p	+	47	393	382	158	316	1249	5	10	0	0	0	0	0	0	0	1	0	0	0	0	0	0	0	0	0	0	0
chrM	5p	+	48	407	380	164	299	1250	5	8	0	1	0	0	1	0	0	0	0	0	0	0	0	0	0	0	0	0	0
chrM	5p	+	49	384	390	161	315	1250	6	7	0	1	1	0	0	2	0	0	0	0	0	0	0	0	0	0	0	0	0
chrM	5p	+	50	394	395	173	287	1249	5	7	1	1	1	0	1	2	0	0	0	0	0	0	0	0	0	0	1	0	0
chrM	5p	+	51	401	378	179	292	1250	13	12	1	0	1	0	0	0	0	1	0	0	0	0	0	0	0	0	0	0	0
chrM	5p	+	52	378	388	190	293	1249	8	11	1	0	0	1	0	0	0	0	0	0	0	0	1	0	0	0	1	0	0
chrM	5p	+	53	367	384	194	303	1248	8	14	0	1	1	0	0	1	0	0	0	0	0	0	0	0	0	0	0	0	0
chrM	5p	+	54	388	424	148	290	1250	3	8	1	1	0	0	0	0	0	0	0	0	0	0	0	0	0	0	0	0	0
chrM	5p	+	55	398	352	178	322	1250	11	11	0	2	0	0	0	1	0	1	0	0	0	0	0	0	0	0	0	0	0
chrM	5p	+	56	361	390	174	325	1250	5	7	0	0	1	2	0	0	0	0	0	0	0	0	0	0	0	0	0	0	0
chrM	5p	+	57	379	380	193	298	1250	6	7	2	0	1	0	1	0	0	1	0	0	0	0	0	0	0	0	0	0	0
chrM	5p	+	58	411	388	167	284	1250	9	9	0	1	0	0	0	3	0	0	0	0	0	0	0	0	0	0	0	0	0
chrM	5p	+	59	339	421	172	318	1250	7	11	0	2	0	0	1	1	0	1	0	0	0	0	0	0	0	0	0	0	0
chrM	5p	+	60	382	380	186	302	1250	14	12	0	1	0	0	1	1	1	2	0	0	0	0	0	0	0	0	0	0	0
chrM	5p	+	61	390	383	164	313	1250	5	9	0	0	0	0	0	1	1	0	0	0	0	0	0	0	0	0	0	0	0
chrM	5p	+	62	359	409	163	319	1250	9	6	0	0	0	0	0	1	0	1	0	0	0	0	0	0	0	0	0	0	0
chrM	5p	+	63	399	389	155	307	1250	5	2	1	0	0	1	0	0	0	0	0	0	0	0	0	0	0	0	0	0	0
chrM	5p	+	64	363	384	195	308	1250	9	7	1	2	0	0	0	2	0	0	0	0	0	0	0	0	0	0	0	0	0
chrM	5p	+	65	382	421	169	278	1250	9	7	1	0	1	0	0	5	1	1	0	0	0	0	0	0	0	0	0	0	0
chrM	5p	+	66	393	384	157	316	1250	4	7	0	0	0	1	0	1	0	1	0	0	0	0	0	0	0	0	0	0	0
chrM	5p	+	67	410	363	170	307	1250	10	2	2	1	0	0	0	0	0	0	1	0	0	0	0	0	0	0	0	0	0
chrM	5p	+	68	385	408	196	261	1250	11	6	0	0	0	0	0	2	0	0	0	0	0	0	2	0	0	0	0	0	0
chrM	5p	+	69	362	399	180	307	1248	8	4	0	1	0	0	1	4	0	1	0	0	0	0	1	0	2	0	0	0	0
chrM	5p	+	70	366	403	175	303	1247	5	6	1	0	0	0	2	3	1	9	0	0	0	0	1	1	2	0	0	1	0
chrM	5p	-	1	289	193	459	441	1382	0	44	0	1	0	0	1	0	0	0	1	0	0	0	0	0	0	0	0	0	0
chrM	5p	-	2	271	177	475	459	1382	0	21	0	1	0	0	0	0	0	0	1	1	0	0	0	0	0	0	0	0	0
chrM	5p	-	3	362	182	425	413	1382	0	16	0	1	0	0	0	0	0	0	0	0	1	0	0	0	0	0	0	0	0
chrM	5p	-	4	348	201	389	444	1382	0	16	0	0	0	0	0	2	0	0	0	0	0	0	1	0	0	0	0	0	0
chrM	5p	-	5	350	167	426	439	1382	0	16	0	1	0	0	0	0	0	1	0	0	0	0	0	0	0	0	0	0	0
chrM	5p	-	6	328	169	460	425	1382	3	17	1	0	0	0	0	0	0	0	0	0	0	0	0	0	0	0	0	0	0
chrM	5p	-	7	353	197	428	404	1382	1	13	0	2	0	0	0	0	0	0	0	0	0	0	0	0	0	0	0	0	0
chrM	5p	-	8	316	166	444	456	1382	4	13	0	0	0	0	0	0	0	0	0	0	0	0	0	0	0	0	0	0	0
chrM	5p	-	9	353	179	419	430	1381	2	13	1	0	0	0	0	0	0	0	0	0	0	0	0	0	0	0	0	0	0
chrM	5p	-	10	347	168	442	425	1382	4	9	0	3	0	0	0	0	0	0	0	1	0	0	0	1	0	0	0	0	0
chrM	5p	-	11	311	165	456	450	1382	8	7	1	1	0	0	0	0	0	0	0	0	0	0	0	0	0	0	0	0	0
chrM	5p	-	12	353	163	461	404	1381	3	12	1	3	0	0	0	1	0	0	1	0	0	0	0	0	0	0	0	0	0
chrM	5p	-	13	342	198	422	420	1382	3	10	1	0	0	0	0	0	0	0	0	0	0	0	0	1	0	0	0	0	0
chrM	5p	-	14	318	187	441	436	1382	2	8	0	1	0	0	0	0	0	0	0	0	0	0	0	0	0	0	0	0	0
chrM	5p	-	15	335	173	441	433	1382	2	6	0	0	0	0	0	0	0	0	0	0	0	0	0	0	0	0	0	0	0
chrM	5p	-	16	339	204	415	424	1382	7	12	0	1	0	0	0	0	0	0	0	0	0	0	0	0	0	0	0	0	0
chrM	5p	-	17	330	185	475	392	1382	9	11	0	2	0	0	0	0	0	0	0	0	0	0	0	0	0	0	0	0	0
chrM	5p	-	18	321	193	448	420	1382	2	10	0	1	0	0	0	0	0	0	0	0	0	0	0	0	0	0	0	0	0
chrM	5p	-	19	357	213	403	409	1382	0	11	0	0	0	0	0	0	0	0	0	0	0	0	0	0	0	0	0	0	0
chrM	5p	-	20	307	158	458	459	1382	8	9	0	0	0	0	0	0	0	0	0	0	0	0	0	0	0	0	0	0	0
chrM	5p	-	21	340	195	431	416	1382	7	10	0	0	0	0	0	0	0	0	0	0	0	0	0	0	0	0	0	0	0
chrM	5p	-	22	323	196	455	408	1382	4	5	0	0	0	0	0	0	1	0	0	0	0	0	0	0	0	0	0	0	0
chrM	5p	-	23	298	177	442	464	1381	5	9	1	0	0	0	0	0	0	0	0	0	0	0	0	0	0	1	0	0	0
chrM	5p	-	24	377	173	405	427	1382	10	11	0	2	0	0	0	0	0	0	0	0	0	0	0	0	0	0	0	0	0
chrM	5p	-	25	342	205	428	407	1382	6	10	0	0	0	0	0	0	0	0	0	0	0	0	0	0	0	0	0	0	0
chrM	5p	-	26	305	189	463	425	1382	7	9	0	0	0	0	0	0	0	0	0	0	0	0	0	0	0	0	0	0	0
chrM	5p	-	27	319	192	428	443	1382	11	5	0	3	0	0	0	0	0	1	0	0	0	0	0	0	0	0	0	0	0
chrM	5p	-	28	342	194	419	427	1382	9	8	0	3	0	0	0	0	0	0	0	0	0	0	0	0	0	0	0	0	0
chrM	5p	-	29	326	190	423	442	1381	3	10	0	2	0	0	0	0	0	0	0	0	0	0	0	0	0	0	0	0	0
chrM	5p	-	30	324	187	434	437	1382	12	8	0	1	0	0	0	0	0	0	0	0	0	0	0	1	0	0	0	0	0
chrM	5p	-	31	334	183	447	418	1382	13	12	0	1	0	0	0	0	0	0	0	1	0	0	0	0	0	0	0	0	0
chrM	5p	-	32	344	186	433	419	1382	14	5	0	0	0	0	0	0	0	0	0	0	0	0	0	0	0	0	0	0	0
chrM	5p	-	33	353	181	423	425	1382	11	5	0	1	0	0	0	0	0	1	0	0	0	0	0	0	0	0	0	0	0
chrM	5p	-	34	360	197	390	435	1382	5	5	1	0	0	0	0	1	0	1	0	0	0	0	0	0	0	0	0	0	0
chrM	5p	-	35	305	200	428	449	1382	12	6	1	2	0	0	0	0	0	0	0	1	0	0	0	0	0	0	0	0	0
chrM	5p	-	36	371	190	415	406	1382	12	3	0	0	0	0	1	0	0	0	0	0	0	0	0	0	0	0	0	0	0
chrM	5p	-	37	344	192	444	402	1382	7	3	1	1	0	0	0	0	0	0	0	0	0	0	0	0	0	0	0	0	0
chrM	5p	-	38	334	189	428	431	1382	7	4	0	1	0	0	0	0	0	0	0	0	0	0	0	0	0	0	0	0	0
chrM	5p	-	39	364	169	438	411	1382	16	5	0	1	0	0	0	0	0	0	0	0	0	0	0	0	0	0	0	0	0
chrM	5p	-	40	351	201	432	398	1382	16	9	2	2	0	0	0	0	0	0	0	0	0	1	0	0	0	0	0	0	0
chrM	5p	-	41	323	183	443	433	1382	16	3	2	0	0	0	0	0	0	0	1	0	0	0	0	0	0	0	0	0	0
chrM	5p	-	42	340	173	446	423	1382	15	6	0	0	0	0	0	0	0	1	0	0	0	0	0	0	0	0	0	0	0
chrM	5p	-	43	336	186	423	435	1380	13	2	0	2	0	0	0	0	0	0	1	0	0	1	0	0	0	0	0	1	0
chrM	5p	-	44	356	189	426	411	1382	11	7	1	1	0	0	0	1	0	0	0	1	0	0	0	1	0	0	0	0	0
chrM	5p	-	45	329	183	471	399	1382	17	7	0	0	0	0	0	0	0	0	0	1	0	0	0	0	0	0	0	0	0
chrM	5p	-	46	361	192	424	405	1382	18	5	0	0	0	0	0	0	0	0	1	0	0	0	0	0	0	0	0	0	0
chrM	5p	-	47	344	180	448	410	1382	19	8	0	0	0	0	0	0	0	0	0	0	0	0	0	0	0	0	0	0	0
chrM	5p	-	48	368	169	427	418	1382	17	2	0	2	0	0	0	0	0	0	0	0	0	0	0	1	0	0	0	0	0
chrM	5p	-	49	349	209	419	405	1382	19	7	0	1	0	0	0	1	0	0	0	0	0	0	0	1	0	0	0	0	0
chrM	5p	-	50	319	179	460	424	1382	18	8	0	0	0	0	0	0	0	0	0	0	0	0	0	0	0	0	0	0	0
chrM	5p	-	51	368	165	453	396	1382	13	7	0	1	0	0	0	1	0	0	0	0	0	0	0	0	0	0	0	0	0
chrM	5p	-	52	356	215	420	391	1382	11	7	1	1	0	0	0	0	0	1	0	0	0	0	0	0	0	0	0	0	0
chrM	5p	-	53	318	191	437	436	1382	15	6	0	1	0	0	0	1	0	2	0	0	0	0	0	0	0	0	0	0	0
chrM	5p	-	54	351	184	426	421	1382	11	1	0	1	0	0	0	1	0	1	1	0	0	0	0	0	0	0	0	0	0
chrM	5p	-	55	340	200	428	414	1382	12	3	0	1	0	0	0	0	0	1	1	0	0	0	0	0	0	0	0	0	0
chrM	5p	-	56	324	175	431	452	1382	17	1	0	1	0	1	0	0	0	0	0	0	0	0	0	0	0	0	0	0	0
chrM	5p	-	57	364	189	403	425	1381	17	3	0	1	0	0	0	0	0	1	0	1	0	0	0	0	0	0	0	0	0
chrM	5p	-	58	377	200	390	415	1382	13	8	0	1	0	0	0	0	0	0	0	0	0	0	0	1	0	0	0	0	0
chrM	5p	-	59	354	171	438	419	1382	21	5	1	0	0	0	0	0	0	0	0	0	0	0	0	0	0	0	0	0	0
chrM	5p	-	60	375	194	400	412	1381	20	4	0	1	0	0	0	0	0	0	0	1	0	0	0	0	0	0	0	0	0
chrM	5p	-	61	340	216	420	406	1382	16	11	0	0	0	0	0	2	0	2	0	0	0	0	0	1	0	0	0	0	0
chrM	5p	-	62	349	186	426	421	1382	11	6	3	1	0	0	0	0	0	0	0	0	0	0	0	0	0	0	0	0	0
chrM	5p	-	63	343	184	427	427	1381	23	4	1	1	0	0	0	0	0	0	1	0	0	0	0	0	0	0	0	0	0
chrM	5p	-	64	357	177	445	402	1381	16	5	0	0	0	0	0	0	0	0	0	0	0	0	0	1	0	0	0	0	0
chrM	5p	-	65	319	181	450	432	1382	21	4	0	1	0	1	0	1	0	0	0	0	0	0	0	1	0	0	0	0	0
chrM	5p	-	66	343	176	451	411	1381	22	1	0	2	0	0	0	0	0	1	0	1	0	0	0	0	0	0	0	1	0
chrM	5p	-	67	366	191	413	412	1382	21	8	0	0	0	0	0	1	0	1	0	0	0	0	0	0	0	0	0	0	0
chrM	5p	-	68	287	187	456	452	1382	26	4	0	2	0	0	1	1	0	3	0	1	0	1	0	0	0	0	0	0	0
chrM	5p	-	69	362	197	396	425	1380	26	5	1	0	0	0	0	2	0	4	0	1	0	0	0	0	2	0	0	0	0
chrM	5p	-	70	351	204	411	412	1378	36	3	3	1	0	0	0	1	1	10	0	1	0	3	0	0	2	0	0	2	0
