# table produced by mapDamage version 2.0.3
# using mapped file /ebc_data/cls83/Johns/JDS3_02/J-87/bam/J-87.truncated.aln.chrM_filtered_sort_umr_dedup_readgroups.bam and /ebc_data/cls83/indexes/chrM.fasta as reference file
# Chr: reference from sam/bam header, End: from which termini of DNA sequences, Std: strand of reads
Chr	End	Std	Pos	A	C	G	T	Total	G>A	C>T	A>G	T>C	A>C	A>T	C>G	C>A	T>G	T>A	G>C	G>T	A>-	T>-	C>-	G>-	->A	->T	->C	->G	S
chrM	3p	+	1	53	28	18	26	125	3	6	5	0	0	3	2	6	4	5	0	0	0	0	0	0	0	0	0	0	0
chrM	3p	+	2	31	43	22	29	125	4	0	1	0	1	0	1	12	7	6	0	0	0	0	0	0	0	0	0	0	0
chrM	3p	+	3	41	41	14	29	125	1	2	4	0	0	1	8	4	3	2	0	0	0	0	0	0	0	0	0	0	0
chrM	3p	+	4	35	42	20	28	125	5	0	0	0	1	1	0	5	0	2	0	0	0	0	0	0	0	0	0	0	0
chrM	3p	+	5	37	39	17	32	125	3	0	0	0	0	1	1	0	2	0	0	0	0	0	0	0	0	0	0	0	0
chrM	3p	+	6	39	42	13	28	122	0	0	1	0	0	1	0	1	0	1	0	0	0	0	0	0	3	0	0	0	0
chrM	3p	+	7	46	34	14	30	124	0	0	0	0	0	0	0	1	0	0	0	0	0	0	1	0	0	0	0	1	0
chrM	3p	+	8	40	38	20	25	123	1	0	1	0	0	0	0	0	0	1	0	0	0	0	0	0	2	0	0	0	0
chrM	3p	+	9	29	45	20	31	125	1	0	0	0	0	0	0	1	0	0	0	0	0	0	0	0	0	0	0	0	0
chrM	3p	+	10	34	46	13	32	125	1	0	0	0	0	0	0	0	0	0	0	0	0	0	0	0	0	0	0	0	0
chrM	3p	+	11	37	40	18	30	125	1	0	0	0	0	0	0	0	0	0	0	0	0	0	0	0	0	0	0	0	0
chrM	3p	+	12	37	40	20	28	125	1	0	0	0	0	0	0	0	0	0	0	0	0	0	0	0	0	0	0	0	0
chrM	3p	+	13	42	34	19	30	125	1	1	0	0	0	0	0	0	0	0	0	0	0	0	0	0	0	0	0	0	0
chrM	3p	+	14	45	30	17	33	125	0	0	1	0	0	0	0	0	0	0	0	0	0	0	0	0	0	0	0	0	0
chrM	3p	+	15	35	46	8	36	125	1	0	0	0	0	0	0	0	0	0	0	0	0	0	0	0	0	0	0	0	0
chrM	3p	+	16	38	38	17	32	125	0	2	0	0	0	0	0	1	0	0	0	0	0	0	0	0	0	0	0	0	0
chrM	3p	+	17	40	29	19	37	125	1	0	0	0	0	0	0	0	0	0	0	0	0	0	0	0	0	0	0	0	0
chrM	3p	+	18	37	37	23	28	125	1	0	0	0	0	0	0	0	0	0	0	0	0	0	0	0	0	0	0	0	0
chrM	3p	+	19	40	38	18	29	125	1	0	0	0	0	0	0	0	0	0	0	0	0	0	0	0	0	0	0	0	0
chrM	3p	+	20	38	39	20	28	125	0	0	0	0	0	0	0	0	0	0	0	0	0	0	0	0	0	0	0	0	0
chrM	3p	+	21	34	45	16	30	125	1	0	0	0	0	0	0	0	0	0	0	0	0	0	0	0	0	0	0	0	0
chrM	3p	+	22	39	37	18	31	125	0	0	0	1	1	0	0	0	0	0	0	0	0	0	0	0	0	0	0	0	0
chrM	3p	+	23	45	39	13	28	125	2	0	0	0	0	0	0	0	0	0	0	0	0	0	0	0	0	0	0	0	0
chrM	3p	+	24	32	43	22	28	125	1	0	0	0	0	0	0	0	0	0	0	0	0	0	0	0	0	0	0	0	0
chrM	3p	+	25	43	29	26	27	125	2	0	0	0	0	0	0	0	0	0	0	0	0	0	0	0	0	0	0	0	0
chrM	3p	+	26	43	38	22	22	125	2	2	0	0	0	0	0	0	0	0	0	0	0	0	0	0	0	0	0	0	0
chrM	3p	+	27	36	36	21	32	125	1	1	0	0	0	0	0	0	0	0	0	0	0	0	0	0	0	0	0	0	0
chrM	3p	+	28	36	46	16	27	125	1	2	1	0	0	0	0	0	0	0	0	0	0	0	0	0	0	0	0	0	0
chrM	3p	+	29	42	34	17	32	125	1	0	0	0	0	0	0	0	0	0	0	0	0	0	0	0	0	0	0	0	0
chrM	3p	+	30	36	45	18	26	125	0	1	1	0	0	0	0	0	0	0	0	0	0	0	0	0	0	0	0	0	0
chrM	3p	+	31	42	32	22	29	125	0	0	0	0	0	0	0	0	0	0	0	0	0	0	0	0	0	0	0	0	0
chrM	3p	+	32	34	34	21	36	125	0	0	0	0	0	0	0	0	0	0	0	0	0	0	0	0	0	0	0	0	0
chrM	3p	+	33	46	38	18	23	125	1	1	0	0	1	0	0	0	0	0	0	0	0	0	0	0	0	0	0	0	0
chrM	3p	+	34	37	41	14	33	125	1	2	0	0	0	0	0	0	0	0	0	0	0	0	0	0	0	0	0	0	0
chrM	3p	+	35	46	38	19	22	125	0	2	0	0	0	0	0	0	0	0	0	0	0	0	0	0	0	0	0	0	0
chrM	3p	+	36	48	36	11	30	125	0	0	0	0	0	0	0	0	0	0	0	0	0	0	0	0	0	0	0	0	0
chrM	3p	+	37	37	42	13	33	125	1	0	0	0	0	0	0	0	0	0	0	0	0	0	0	0	0	0	0	0	0
chrM	3p	+	38	38	30	25	32	125	0	1	0	0	0	0	0	0	0	0	0	0	0	0	0	0	0	0	0	0	0
chrM	3p	+	39	44	32	14	35	125	0	3	0	0	0	0	0	0	0	0	0	0	0	0	0	0	0	0	0	0	0
chrM	3p	+	40	37	41	16	31	125	0	1	0	0	0	0	0	0	0	0	0	0	0	0	0	0	0	0	0	0	0
chrM	3p	+	41	40	38	14	33	125	0	0	0	0	0	0	0	0	0	0	0	0	0	0	0	0	0	0	0	0	0
chrM	3p	+	42	38	46	15	26	125	1	2	0	0	0	0	0	0	0	0	0	0	0	0	0	0	0	0	0	0	0
chrM	3p	+	43	34	40	18	33	125	0	1	0	0	0	0	0	0	0	0	0	0	0	0	0	0	0	0	0	0	0
chrM	3p	+	44	44	40	16	25	125	0	2	0	0	0	0	0	0	0	0	0	0	0	0	0	0	0	0	0	0	0
chrM	3p	+	45	41	34	12	38	125	0	0	0	0	0	0	0	0	0	0	0	0	0	0	0	0	0	0	0	0	0
chrM	3p	+	46	35	50	9	31	125	0	2	0	0	0	0	0	0	0	0	0	0	0	0	0	0	0	0	0	0	0
chrM	3p	+	47	30	41	23	31	125	0	2	0	0	0	0	0	0	0	0	0	0	0	0	0	0	0	0	0	0	0
chrM	3p	+	48	46	43	16	20	125	1	1	0	0	0	0	0	0	0	0	0	0	0	0	0	0	0	0	0	0	0
chrM	3p	+	49	35	37	20	33	125	0	1	0	0	0	0	0	0	0	0	0	0	0	0	0	0	0	0	0	0	0
chrM	3p	+	50	40	30	24	31	125	1	1	0	0	0	0	0	0	0	0	0	0	0	0	0	0	0	0	0	0	0
chrM	3p	+	51	36	38	9	42	125	0	3	0	0	0	0	0	0	0	0	0	0	0	0	0	0	0	0	0	0	0
chrM	3p	+	52	39	31	17	38	125	1	1	0	0	0	1	0	0	0	0	0	0	0	0	0	0	0	0	0	0	0
chrM	3p	+	53	40	24	16	45	125	0	1	0	0	0	0	0	0	0	0	0	0	0	0	0	0	0	0	0	0	0
chrM	3p	+	54	38	36	19	32	125	0	0	0	0	0	0	0	0	0	0	0	0	0	0	0	0	0	0	0	0	0
chrM	3p	+	55	28	46	12	39	125	0	2	0	0	0	0	1	0	0	0	0	0	0	0	0	0	0	0	0	0	0
chrM	3p	+	56	30	41	23	31	125	0	0	1	0	0	0	0	0	0	0	0	0	0	0	0	0	0	0	0	0	0
chrM	3p	+	57	41	37	10	37	125	0	0	1	0	0	0	0	0	0	0	0	0	0	0	0	0	0	0	0	0	0
chrM	3p	+	58	39	37	18	31	125	0	0	0	0	0	0	0	1	0	0	0	0	0	0	0	0	0	0	0	0	0
chrM	3p	+	59	33	40	21	31	125	0	1	0	0	0	0	0	0	0	0	0	0	0	0	0	1	0	0	0	0	0
chrM	3p	+	60	35	39	17	34	125	1	0	1	0	0	0	0	0	0	0	0	0	0	0	0	0	0	0	0	0	0
chrM	3p	+	61	33	34	13	45	125	1	3	0	0	0	0	0	0	0	0	0	0	0	0	0	0	0	0	0	0	0
chrM	3p	+	62	38	50	12	25	125	0	3	0	0	0	0	0	0	0	0	0	0	0	0	0	0	0	0	0	0	0
chrM	3p	+	63	43	29	25	28	125	0	2	0	0	0	0	0	0	0	0	0	0	0	0	0	0	0	0	0	0	0
chrM	3p	+	64	31	35	21	38	125	0	0	0	0	0	0	0	0	0	0	0	0	0	0	0	0	0	0	0	0	0
chrM	3p	+	65	36	32	23	34	125	0	0	0	0	0	0	0	0	0	0	0	0	0	0	0	0	0	0	0	0	0
chrM	3p	+	66	48	28	14	35	125	0	1	0	0	0	0	0	0	0	0	0	0	0	0	0	0	0	0	0	0	0
chrM	3p	+	67	39	29	26	31	125	0	0	0	0	0	0	0	0	0	0	0	0	0	0	0	0	0	0	0	0	0
chrM	3p	+	68	40	39	15	31	125	0	1	0	0	0	0	0	0	0	0	0	0	0	0	0	0	0	0	0	0	0
chrM	3p	+	69	35	48	15	27	125	0	1	0	0	0	0	0	0	0	0	0	0	0	0	0	0	0	0	0	0	0
chrM	3p	+	70	24	46	20	35	125	0	3	0	0	0	0	0	0	0	0	0	0	0	0	0	0	0	0	0	0	0
chrM	3p	-	1	33	15	46	37	131	12	5	3	0	0	3	2	5	3	9	0	4	0	0	0	0	0	0	0	0	0
chrM	3p	-	2	24	12	51	44	131	9	0	4	0	3	0	1	4	1	15	1	0	0	0	0	0	0	0	0	0	0
chrM	3p	-	3	28	19	50	34	131	9	1	2	1	0	0	4	3	4	3	0	0	0	1	0	0	0	0	0	0	0
chrM	3p	-	4	42	11	33	44	130	9	0	0	1	0	0	0	5	0	4	1	0	0	1	0	0	1	0	0	0	0
chrM	3p	-	5	29	16	46	39	130	7	0	0	0	0	0	0	0	1	0	0	0	0	0	1	0	0	0	0	1	0
chrM	3p	-	6	23	17	55	35	130	6	0	0	0	0	0	0	1	0	2	0	0	0	0	0	0	1	0	0	0	0
chrM	3p	-	7	31	17	40	42	130	1	0	0	0	0	0	0	1	0	1	0	0	0	0	0	0	1	0	0	0	0
chrM	3p	-	8	33	14	42	40	129	0	0	0	0	1	0	0	1	0	0	0	0	0	0	0	0	2	0	0	0	0
chrM	3p	-	9	35	15	41	40	131	3	0	0	0	0	0	0	0	0	0	0	1	0	0	0	0	0	0	0	0	0
chrM	3p	-	10	39	21	43	28	131	2	1	0	0	0	0	0	0	0	0	0	0	0	0	0	0	0	0	0	0	0
chrM	3p	-	11	34	15	44	37	130	2	0	0	0	0	0	0	0	0	0	0	0	0	0	0	0	0	0	0	1	0
chrM	3p	-	12	20	18	43	50	131	0	0	0	0	0	0	0	1	0	0	0	0	0	0	0	0	0	0	0	0	0
chrM	3p	-	13	32	17	34	48	131	1	0	0	0	0	0	0	0	0	0	0	0	0	0	0	0	0	0	0	0	0
chrM	3p	-	14	31	15	47	38	131	1	0	0	0	0	0	0	0	0	0	0	0	0	0	0	0	0	0	0	0	0
chrM	3p	-	15	31	18	39	43	131	0	0	0	0	0	0	0	0	0	0	0	0	0	0	0	0	0	0	0	0	0
chrM	3p	-	16	37	24	36	34	131	2	0	0	0	0	0	0	0	0	0	0	0	0	0	0	0	0	0	0	0	0
chrM	3p	-	17	28	13	53	37	131	4	0	0	0	0	0	0	0	0	0	0	0	0	0	0	0	0	0	0	0	0
chrM	3p	-	18	27	20	38	46	131	0	0	0	0	0	0	0	0	0	0	0	0	0	0	0	0	0	0	0	0	0
chrM	3p	-	19	33	16	50	32	131	0	0	0	0	0	0	0	0	0	0	0	0	0	0	0	0	0	0	0	0	0
chrM	3p	-	20	34	19	37	41	131	0	0	0	0	0	0	0	0	0	0	0	0	0	0	0	0	0	0	0	0	0
chrM	3p	-	21	24	18	43	46	131	0	1	0	0	0	0	0	0	0	0	0	0	0	0	0	0	0	0	0	0	0
chrM	3p	-	22	28	15	41	47	131	2	0	0	0	0	0	0	0	0	0	0	0	0	0	0	1	0	0	0	0	0
chrM	3p	-	23	30	12	45	43	130	1	1	0	0	0	0	0	0	0	0	0	1	0	0	0	0	0	0	0	0	0
chrM	3p	-	24	31	18	42	40	131	1	0	0	0	0	0	0	0	0	0	0	0	0	0	0	0	0	0	0	0	0
chrM	3p	-	25	37	23	38	33	131	0	1	0	0	0	0	0	0	0	0	0	0	0	0	0	0	0	0	0	0	0
chrM	3p	-	26	27	15	45	44	131	0	0	0	0	0	0	0	0	0	0	0	0	0	0	0	0	0	0	0	0	0
chrM	3p	-	27	32	15	44	40	131	2	0	0	0	0	0	0	0	0	0	0	0	0	0	0	0	0	0	0	0	0
chrM	3p	-	28	37	13	45	36	131	0	0	0	0	0	0	0	0	0	0	0	0	0	0	0	0	0	0	0	0	0
chrM	3p	-	29	35	17	40	39	131	1	1	0	0	0	0	0	0	0	0	0	0	0	0	0	0	0	0	0	0	0
chrM	3p	-	30	29	18	38	46	131	2	0	0	0	0	0	0	0	0	0	0	0	0	0	0	0	0	0	0	0	0
chrM	3p	-	31	36	23	30	42	131	1	0	0	0	0	0	0	0	0	0	0	0	0	0	0	0	0	0	0	0	0
chrM	3p	-	32	28	11	47	45	131	0	1	0	0	0	0	0	0	0	0	0	0	0	0	0	0	0	0	0	0	0
chrM	3p	-	33	31	19	46	35	131	0	1	0	0	0	0	0	0	0	0	0	0	0	0	0	0	0	0	0	0	0
chrM	3p	-	34	31	23	34	43	131	0	3	0	0	0	0	0	0	0	0	0	0	0	0	0	0	0	0	0	0	0
chrM	3p	-	35	36	22	36	37	131	1	0	0	0	0	0	0	0	0	0	0	0	0	0	0	0	0	0	0	0	0
chrM	3p	-	36	28	13	41	49	131	2	0	0	0	0	0	0	0	0	0	0	0	0	0	0	0	0	0	0	0	0
chrM	3p	-	37	37	21	30	43	131	0	0	0	0	0	0	0	0	0	0	0	0	0	0	0	0	0	0	0	0	0
chrM	3p	-	38	22	13	53	43	131	1	0	0	0	0	0	0	0	0	0	0	0	0	0	0	0	0	0	0	0	0
chrM	3p	-	39	38	20	41	32	131	1	1	0	0	0	0	0	0	0	0	0	0	0	0	0	0	0	0	0	0	0
chrM	3p	-	40	30	20	47	34	131	2	0	0	0	0	0	0	0	0	0	0	0	0	0	0	0	0	0	0	0	0
chrM	3p	-	41	30	15	40	46	131	1	1	0	0	0	0	0	0	0	0	0	0	0	0	0	0	0	0	0	0	0
chrM	3p	-	42	31	17	41	42	131	1	0	0	0	0	0	0	0	0	0	0	0	0	0	0	0	0	0	0	0	0
chrM	3p	-	43	26	28	39	38	131	0	1	0	0	0	0	0	0	0	0	0	0	0	0	0	0	0	0	0	0	0
chrM	3p	-	44	32	15	45	39	131	2	0	0	0	0	0	0	0	0	0	0	0	0	0	0	0	0	0	0	0	0
chrM	3p	-	45	26	13	45	47	131	1	0	0	0	0	0	0	0	0	0	0	0	0	0	0	1	0	0	0	0	0
chrM	3p	-	46	38	13	45	34	130	1	0	0	0	0	0	0	0	0	0	0	0	0	0	0	0	0	0	0	0	0
chrM	3p	-	47	31	17	41	42	131	0	2	0	0	0	0	0	0	0	0	0	0	0	0	0	0	0	0	0	0	0
chrM	3p	-	48	35	18	39	39	131	1	1	0	0	0	0	0	0	0	0	0	0	0	0	0	0	0	0	0	0	0
chrM	3p	-	49	35	21	31	44	131	0	0	0	0	0	0	0	0	0	0	0	0	0	0	0	0	0	0	0	0	0
chrM	3p	-	50	35	22	40	34	131	0	2	0	0	0	0	0	0	0	0	0	0	0	0	0	0	0	0	0	0	0
chrM	3p	-	51	22	21	37	51	131	1	0	0	0	0	0	0	0	0	0	0	0	0	0	0	0	0	0	0	0	0
chrM	3p	-	52	35	17	39	40	131	0	0	0	0	0	0	0	0	0	0	0	0	0	0	0	0	0	0	0	0	0
chrM	3p	-	53	35	23	39	34	131	1	1	0	0	0	0	0	0	0	0	0	0	0	0	0	0	0	0	0	0	0
chrM	3p	-	54	28	20	36	47	131	0	1	0	0	0	0	0	0	0	0	0	0	0	0	0	0	0	0	0	0	0
chrM	3p	-	55	29	16	50	36	131	0	0	0	0	0	0	0	0	0	0	0	0	0	0	0	0	0	0	0	0	0
chrM	3p	-	56	32	20	39	40	131	0	1	0	0	0	0	0	0	0	0	0	0	0	0	0	0	0	0	0	0	0
chrM	3p	-	57	37	23	40	31	131	1	2	0	0	0	0	0	0	0	0	0	0	0	0	0	0	0	0	0	0	0
chrM	3p	-	58	33	18	33	47	131	0	0	0	0	0	0	0	0	0	0	0	0	0	0	0	0	0	0	0	0	0
chrM	3p	-	59	31	21	46	33	131	0	0	0	0	0	0	0	0	0	0	0	0	0	0	0	0	0	0	0	0	0
chrM	3p	-	60	31	23	32	45	131	0	1	0	0	0	0	0	0	0	0	0	0	0	0	0	0	0	0	0	0	0
chrM	3p	-	61	38	18	40	35	131	0	1	0	0	0	0	0	0	0	0	0	0	0	0	0	0	0	0	0	0	0
chrM	3p	-	62	45	11	33	42	131	0	1	0	0	0	0	0	0	0	0	0	0	0	0	0	0	0	0	0	0	0
chrM	3p	-	63	33	20	29	49	131	0	2	0	0	0	0	0	0	0	0	0	0	0	0	0	0	0	0	0	0	0
chrM	3p	-	64	39	15	41	36	131	0	0	0	0	0	0	0	0	0	0	0	0	0	0	0	0	0	0	0	0	0
chrM	3p	-	65	36	15	45	35	131	0	1	0	0	0	0	0	0	0	0	0	0	0	0	0	0	0	0	0	0	0
chrM	3p	-	66	27	21	40	43	131	0	1	0	0	0	0	0	0	0	0	0	0	0	0	0	0	0	0	0	0	0
chrM	3p	-	67	34	13	31	53	131	1	1	0	0	0	0	0	0	0	0	0	0	0	0	0	0	0	0	0	0	0
chrM	3p	-	68	26	8	54	43	131	0	1	0	0	0	0	0	0	0	0	0	0	0	0	0	0	0	0	0	0	0
chrM	3p	-	69	32	22	38	39	131	0	3	0	1	0	0	0	0	0	0	0	0	0	0	0	0	0	0	0	0	0
chrM	3p	-	70	27	16	38	50	131	0	1	0	1	0	0	0	0	0	0	0	0	0	0	0	0	0	0	0	0	0
chrM	5p	+	1	24	49	24	28	125	0	9	0	1	0	0	0	0	0	0	0	0	0	0	0	0	0	0	0	0	0
chrM	5p	+	2	38	43	16	28	125	0	7	0	0	0	0	0	0	0	0	0	0	0	0	0	0	0	0	0	0	0
chrM	5p	+	3	33	34	23	35	125	0	5	0	0	0	0	0	0	0	0	0	0	0	0	0	0	0	0	0	0	0
chrM	5p	+	4	40	37	18	30	125	0	2	0	0	0	0	0	0	0	0	0	0	0	0	0	0	0	0	0	0	0
chrM	5p	+	5	32	42	21	30	125	0	4	1	0	0	0	0	0	0	0	0	0	0	0	0	0	0	0	0	0	0
chrM	5p	+	6	36	34	15	40	125	0	4	0	0	0	0	0	0	0	0	0	0	0	0	0	0	0	0	0	0	0
chrM	5p	+	7	28	44	17	36	125	0	1	0	0	0	0	0	0	0	0	0	0	0	0	0	0	0	0	0	0	0
chrM	5p	+	8	36	49	13	27	125	0	1	0	0	0	0	0	0	0	0	0	0	0	0	0	0	0	0	0	0	0
chrM	5p	+	9	37	37	19	32	125	0	1	0	0	0	0	0	0	0	0	0	0	0	0	0	0	0	0	0	0	0
chrM	5p	+	10	42	33	26	24	125	0	1	0	0	0	0	0	0	0	0	0	0	0	0	0	0	0	0	0	0	0
chrM	5p	+	11	50	28	13	34	125	0	0	0	0	0	0	0	0	0	0	0	0	0	0	0	0	0	0	0	0	0
chrM	5p	+	12	30	35	24	36	125	0	0	0	0	0	0	0	0	0	0	0	0	0	0	0	0	0	0	0	0	0
chrM	5p	+	13	34	32	22	37	125	0	0	0	0	0	0	0	0	0	0	0	0	0	0	0	0	0	0	0	0	0
chrM	5p	+	14	41	35	23	26	125	0	5	0	0	0	0	0	0	0	0	0	0	0	0	0	0	0	0	0	0	0
chrM	5p	+	15	37	47	10	31	125	0	2	0	0	0	0	0	0	0	0	0	0	0	0	0	0	0	0	0	0	0
chrM	5p	+	16	32	35	15	43	125	1	1	0	0	0	0	0	0	0	0	0	0	0	0	0	0	0	0	0	0	0
chrM	5p	+	17	34	35	21	35	125	1	0	1	0	0	0	0	0	0	0	0	0	0	0	0	0	0	0	0	0	0
chrM	5p	+	18	37	39	18	31	125	0	1	0	0	0	0	0	1	0	0	0	0	0	0	0	0	0	0	0	0	0
chrM	5p	+	19	40	39	15	31	125	0	0	1	0	0	0	0	0	0	0	0	0	0	0	0	1	0	0	0	0	0
chrM	5p	+	20	41	40	10	34	125	0	1	1	0	0	0	0	0	0	0	0	0	0	0	0	0	0	0	0	0	0
chrM	5p	+	21	28	37	26	34	125	0	1	0	0	0	0	0	0	0	0	0	0	0	0	0	0	0	0	0	0	0
chrM	5p	+	22	29	45	11	40	125	0	0	0	0	0	0	1	0	0	0	0	0	0	0	0	0	0	0	0	0	0
chrM	5p	+	23	42	28	18	37	125	0	0	0	0	0	0	0	0	0	0	0	0	0	0	0	0	0	0	0	0	0
chrM	5p	+	24	37	30	15	43	125	0	2	0	0	0	0	0	0	0	0	0	0	0	0	0	0	0	0	0	0	0
chrM	5p	+	25	36	33	16	40	125	1	1	0	0	0	1	0	0	0	0	0	0	0	0	0	0	0	0	0	0	0
chrM	5p	+	26	39	31	18	37	125	1	2	0	0	0	0	0	0	0	0	0	0	0	0	0	0	0	0	0	0	0
chrM	5p	+	27	36	39	20	30	125	0	1	0	0	0	0	0	0	0	0	0	0	0	0	0	0	0	0	0	0	0
chrM	5p	+	28	42	32	20	31	125	0	1	0	0	0	0	0	0	0	0	0	0	0	0	0	0	0	0	0	0	0
chrM	5p	+	29	39	52	16	18	125	1	1	0	0	0	0	0	0	0	0	0	0	0	0	0	0	0	0	0	0	0
chrM	5p	+	30	34	34	21	36	125	0	2	0	0	0	0	0	0	0	0	0	0	0	0	0	0	0	0	0	0	0
chrM	5p	+	31	33	53	11	28	125	0	3	0	0	0	0	0	0	0	0	0	0	0	0	0	0	0	0	0	0	0
chrM	5p	+	32	39	39	9	38	125	0	2	0	0	0	0	0	0	0	0	0	0	0	0	0	0	0	0	0	0	0
chrM	5p	+	33	45	33	19	28	125	0	0	0	0	0	0	0	0	0	0	0	0	0	0	0	0	0	0	0	0	0
chrM	5p	+	34	33	45	19	28	125	0	1	0	0	0	0	0	0	0	0	0	0	0	0	0	0	0	0	0	0	0
chrM	5p	+	35	38	42	14	31	125	1	1	0	0	0	0	0	0	0	0	0	0	0	0	0	0	0	0	0	0	0
chrM	5p	+	36	39	41	12	33	125	0	1	0	0	0	0	0	0	0	0	0	0	0	0	0	0	0	0	0	0	0
chrM	5p	+	37	43	33	18	31	125	0	1	0	0	0	0	0	0	0	0	0	0	0	0	0	0	0	0	0	0	0
chrM	5p	+	38	42	35	15	33	125	0	2	0	0	0	0	0	0	0	0	0	0	0	0	0	0	0	0	0	0	0
chrM	5p	+	39	40	29	24	32	125	0	1	0	0	0	0	0	0	0	0	0	0	0	0	0	0	0	0	0	0	0
chrM	5p	+	40	41	40	9	35	125	1	0	0	0	0	0	0	0	0	0	0	0	0	0	0	0	0	0	0	0	0
chrM	5p	+	41	42	44	14	25	125	0	0	0	0	0	0	0	0	0	0	0	0	0	0	0	0	0	0	0	0	0
chrM	5p	+	42	48	37	17	23	125	0	2	0	0	0	0	0	0	0	0	0	0	0	0	0	0	0	0	0	0	0
chrM	5p	+	43	37	38	16	34	125	1	3	0	0	0	0	0	0	0	0	0	0	0	0	0	0	0	0	0	0	0
chrM	5p	+	44	45	35	21	24	125	1	0	0	0	1	0	0	0	0	0	0	0	0	0	0	0	0	0	0	0	0
chrM	5p	+	45	37	33	19	36	125	0	0	0	0	0	0	0	0	0	0	0	0	0	0	0	0	0	0	0	0	0
chrM	5p	+	46	34	41	20	30	125	0	0	0	0	0	0	0	0	0	0	0	0	0	0	0	0	0	0	0	0	0
chrM	5p	+	47	37	40	18	30	125	0	2	1	0	0	0	0	0	0	0	0	0	0	0	0	0	0	0	0	0	0
chrM	5p	+	48	44	41	15	25	125	2	0	1	0	0	0	0	0	0	0	0	0	0	0	0	0	0	0	0	0	0
chrM	5p	+	49	34	40	18	33	125	0	2	0	0	0	0	0	0	0	0	0	0	0	0	0	0	0	0	0	0	0
chrM	5p	+	50	36	37	23	29	125	2	2	0	0	0	0	0	0	0	0	0	0	0	0	0	0	0	0	0	0	0
chrM	5p	+	51	44	38	24	19	125	2	0	0	0	0	0	0	0	0	0	0	0	0	0	0	0	0	0	0	0	0
chrM	5p	+	52	47	32	20	26	125	1	0	0	0	0	0	0	0	0	0	0	0	0	0	0	0	0	0	0	0	0
chrM	5p	+	53	33	37	22	33	125	2	0	0	0	0	0	0	0	0	0	0	0	0	0	0	0	0	0	0	0	0
chrM	5p	+	54	40	42	15	28	125	1	0	0	1	1	0	0	0	0	0	0	0	0	0	0	0	0	0	0	0	0
chrM	5p	+	55	37	42	17	29	125	0	0	0	0	0	0	0	0	0	0	0	0	0	0	0	0	0	0	0	0	0
chrM	5p	+	56	38	37	20	30	125	1	0	0	0	0	0	0	0	0	0	0	0	0	0	0	0	0	0	0	0	0
chrM	5p	+	57	36	44	15	30	125	0	0	0	0	0	0	0	0	0	0	0	0	0	0	0	0	0	0	0	0	0
chrM	5p	+	58	38	34	24	29	125	1	0	0	0	0	0	0	0	0	0	0	0	0	0	0	0	0	0	0	0	0
chrM	5p	+	59	42	35	19	29	125	1	0	0	0	0	0	0	0	0	0	0	0	0	0	0	0	0	0	0	0	0
chrM	5p	+	60	40	30	22	33	125	1	0	0	0	0	0	0	0	0	0	0	0	0	0	0	0	0	0	0	0	0
chrM	5p	+	61	35	38	13	39	125	0	2	0	0	0	0	0	1	0	0	0	0	0	0	0	0	0	0	0	0	0
chrM	5p	+	62	42	46	6	31	125	1	0	0	0	0	0	0	0	0	0	0	0	0	0	0	0	0	0	0	0	0
chrM	5p	+	63	38	35	20	32	125	0	0	1	0	0	0	0	0	0	0	0	0	0	0	0	0	0	0	0	0	0
chrM	5p	+	64	43	33	19	30	125	2	1	0	0	0	0	0	0	0	0	0	0	0	0	0	0	0	0	0	0	0
chrM	5p	+	65	38	40	17	30	125	1	0	0	0	0	0	0	0	0	0	0	0	0	0	0	0	0	0	0	0	0
chrM	5p	+	66	35	41	20	29	125	1	0	0	0	0	0	0	0	0	0	0	0	0	0	0	0	0	0	0	0	0
chrM	5p	+	67	35	45	13	32	125	0	0	0	0	0	0	0	0	0	0	0	0	0	0	0	0	0	0	0	0	0
chrM	5p	+	68	34	41	20	30	125	1	0	0	0	0	0	0	0	0	0	0	0	0	0	0	0	0	0	0	0	0
chrM	5p	+	69	41	37	19	26	123	1	0	1	0	0	0	0	1	0	1	0	0	0	0	0	0	2	0	0	0	0
chrM	5p	+	70	40	42	13	29	124	0	0	0	0	0	0	0	1	0	0	0	0	0	0	0	0	0	0	0	1	0
chrM	5p	-	1	21	23	42	45	131	0	6	0	0	0	0	0	0	0	0	1	0	0	0	0	0	0	0	0	0	0
chrM	5p	-	2	22	23	46	40	131	0	4	0	0	0	0	0	0	0	1	0	0	1	0	0	0	0	0	0	0	0
chrM	5p	-	3	32	17	36	46	131	0	3	0	0	0	0	0	0	0	0	0	0	0	0	1	0	0	0	0	0	0
chrM	5p	-	4	31	22	42	36	131	0	4	0	0	0	0	0	0	0	0	0	0	0	0	0	0	0	0	0	0	0
chrM	5p	-	5	36	17	40	38	131	0	0	0	0	0	0	0	0	0	0	0	0	0	0	0	0	0	0	0	0	0
chrM	5p	-	6	36	13	37	45	131	0	1	1	0	0	0	0	0	0	0	0	0	0	0	0	0	0	0	0	0	0
chrM	5p	-	7	31	19	39	42	131	0	1	0	1	0	0	0	0	0	0	0	0	0	0	0	0	0	0	0	0	0
chrM	5p	-	8	33	20	40	38	131	0	4	0	1	0	0	0	0	0	0	0	0	0	0	0	0	0	0	0	0	0
chrM	5p	-	9	25	8	49	49	131	0	0	0	0	0	0	0	0	0	0	0	0	0	0	0	0	0	0	0	0	0
chrM	5p	-	10	30	14	36	51	131	1	1	0	0	0	0	0	0	0	0	0	0	0	0	0	0	0	0	0	0	0
chrM	5p	-	11	31	20	41	39	131	0	0	0	0	0	0	0	0	0	0	0	0	0	0	0	0	0	0	0	0	0
chrM	5p	-	12	40	14	42	35	131	0	2	0	0	0	0	0	0	0	0	0	0	0	0	0	0	0	0	0	0	0
chrM	5p	-	13	36	17	36	42	131	0	0	0	0	0	0	0	0	0	0	0	0	0	0	0	0	0	0	0	0	0
chrM	5p	-	14	35	18	31	47	131	0	2	0	0	0	0	0	0	0	0	0	0	0	0	0	0	0	0	0	0	0
chrM	5p	-	15	42	12	38	39	131	0	1	0	0	0	0	0	0	0	0	0	0	0	0	0	0	0	0	0	0	0
chrM	5p	-	16	37	22	38	34	131	0	1	0	0	0	0	0	0	0	0	0	0	0	0	0	0	0	0	0	0	0
chrM	5p	-	17	30	22	33	46	131	0	1	0	0	0	0	0	0	0	0	0	0	0	0	0	0	0	0	0	0	0
chrM	5p	-	18	31	21	45	34	131	0	0	0	0	0	0	0	0	0	0	0	0	0	0	0	0	0	0	0	0	0
chrM	5p	-	19	30	20	36	45	131	1	0	0	0	0	0	0	0	0	0	0	0	0	0	0	0	0	0	0	0	0
chrM	5p	-	20	42	20	36	33	131	0	2	0	0	0	0	0	0	0	0	0	0	0	0	0	0	0	0	0	0	0
chrM	5p	-	21	30	20	43	38	131	0	1	0	0	0	0	0	0	0	0	0	0	0	0	0	0	0	0	0	0	0
chrM	5p	-	22	31	16	43	41	131	0	0	0	0	0	0	0	0	0	0	0	0	0	0	0	0	0	0	0	0	0
chrM	5p	-	23	26	24	36	45	131	0	1	0	0	0	0	0	0	0	0	0	0	0	0	0	0	0	0	0	0	0
chrM	5p	-	24	37	21	41	32	131	1	1	0	0	0	0	0	0	0	0	0	0	0	0	0	0	0	0	0	0	0
chrM	5p	-	25	35	18	37	41	131	0	0	0	0	0	0	0	0	0	0	0	0	0	0	0	0	0	0	0	0	0
chrM	5p	-	26	23	18	38	52	131	1	0	0	0	0	0	0	0	0	0	0	0	0	0	0	0	0	0	0	0	0
chrM	5p	-	27	32	26	42	31	131	0	2	0	0	0	0	0	0	0	0	0	0	0	0	0	0	0	0	0	0	0
chrM	5p	-	28	38	17	30	46	131	0	0	0	0	0	0	0	0	0	0	0	0	0	0	0	0	0	0	0	0	0
chrM	5p	-	29	36	15	38	42	131	1	1	0	0	0	0	0	0	0	0	0	0	0	0	0	0	0	0	0	0	0
chrM	5p	-	30	31	16	45	39	131	0	2	0	0	0	0	0	0	0	0	0	0	0	0	0	0	0	0	0	0	0
chrM	5p	-	31	32	15	46	38	131	1	0	0	0	0	0	0	0	0	0	0	0	0	0	0	0	0	0	0	0	0
chrM	5p	-	32	31	14	44	41	130	1	0	0	0	0	0	0	0	0	0	0	0	0	0	0	0	0	0	0	0	0
chrM	5p	-	33	28	17	45	41	131	2	1	0	0	0	0	0	0	0	0	0	0	0	0	0	1	0	0	0	0	0
chrM	5p	-	34	25	29	34	43	131	0	0	0	0	0	0	0	0	0	0	0	0	0	0	0	0	0	0	0	0	0
chrM	5p	-	35	37	14	39	41	131	1	0	0	0	0	0	0	0	0	0	0	0	0	0	0	0	0	0	0	0	0
chrM	5p	-	36	30	13	45	43	131	1	1	0	0	0	0	0	0	0	0	0	0	0	0	0	0	0	0	0	0	0
chrM	5p	-	37	27	20	48	36	131	2	0	0	0	0	0	0	0	0	0	0	0	0	0	0	0	0	0	0	0	0
chrM	5p	-	38	34	19	45	33	131	1	1	0	0	0	0	0	0	0	0	0	0	0	0	0	0	0	0	0	0	0
chrM	5p	-	39	25	17	45	44	131	1	0	0	0	0	0	0	0	0	0	0	0	0	0	0	0	0	0	0	0	0
chrM	5p	-	40	38	23	32	38	131	0	0	0	0	0	0	0	0	0	0	0	0	0	0	0	0	0	0	0	0	0
chrM	5p	-	41	27	15	37	52	131	2	1	0	0	0	0	0	0	0	0	0	0	0	0	0	0	0	0	0	0	0
chrM	5p	-	42	35	24	35	37	131	0	0	0	0	0	0	0	0	0	0	0	0	0	0	0	0	0	0	0	0	0
chrM	5p	-	43	33	15	40	43	131	1	2	0	0	0	0	0	0	0	0	0	0	0	0	0	0	0	0	0	0	0
chrM	5p	-	44	30	17	49	35	131	0	1	0	0	0	0	0	0	0	0	0	0	0	0	0	0	0	0	0	0	0
chrM	5p	-	45	29	18	39	45	131	0	1	0	0	0	0	0	0	0	0	0	0	0	0	0	0	0	0	0	0	0
chrM	5p	-	46	32	20	33	46	131	1	0	0	0	0	0	0	0	0	0	0	0	0	0	0	0	0	0	0	0	0
chrM	5p	-	47	34	16	38	43	131	2	0	0	0	0	0	0	0	0	0	0	0	0	0	0	0	0	0	0	0	0
chrM	5p	-	48	40	15	41	35	131	1	1	0	0	0	0	0	0	0	0	0	0	0	0	0	0	0	0	0	0	0
chrM	5p	-	49	32	15	48	36	131	0	0	0	0	0	0	0	0	0	0	0	0	0	0	0	0	0	0	0	0	0
chrM	5p	-	50	33	18	43	37	131	2	0	0	0	0	0	0	0	0	0	0	0	0	0	0	0	0	0	0	0	0
chrM	5p	-	51	29	14	44	44	131	1	1	0	0	0	0	0	0	0	0	0	0	0	0	0	0	0	0	0	0	0
chrM	5p	-	52	34	22	42	33	131	0	0	0	0	0	0	0	0	0	0	0	0	0	0	0	0	0	0	0	0	0
chrM	5p	-	53	28	16	44	43	131	1	0	0	0	0	0	0	0	0	0	0	0	0	0	0	0	0	0	0	0	0
chrM	5p	-	54	35	13	42	41	131	1	1	0	0	0	0	0	0	0	0	0	1	0	0	0	0	0	0	0	0	0
chrM	5p	-	55	22	17	42	49	130	1	0	0	0	0	0	0	0	0	0	0	0	0	0	0	0	0	0	0	0	0
chrM	5p	-	56	27	17	39	48	131	0	1	0	0	0	0	0	0	0	0	0	0	0	0	0	1	0	0	0	0	0
chrM	5p	-	57	34	20	40	37	131	0	0	0	0	0	0	0	0	0	0	0	0	0	0	0	0	0	0	0	0	0
chrM	5p	-	58	33	17	45	36	131	0	0	0	0	0	0	0	0	0	0	0	0	0	0	0	0	0	0	0	0	0
chrM	5p	-	59	29	19	40	43	131	0	0	0	0	0	0	0	0	0	0	0	0	0	0	0	0	0	0	0	0	0
chrM	5p	-	60	31	14	51	35	131	5	0	0	0	0	0	0	0	0	0	0	0	0	0	0	0	0	0	0	0	0
chrM	5p	-	61	32	21	37	41	131	1	0	0	0	0	0	0	0	0	0	0	0	0	0	0	0	0	0	0	0	0
chrM	5p	-	62	31	18	44	38	131	1	0	0	0	0	0	0	0	0	0	0	0	0	0	0	0	0	0	0	0	0
chrM	5p	-	63	29	18	45	39	131	1	0	0	0	0	0	0	0	0	0	0	0	0	0	0	0	0	0	0	0	0
chrM	5p	-	64	30	20	31	50	131	0	1	0	0	0	0	0	0	0	0	0	0	0	0	0	0	0	0	0	0	0
chrM	5p	-	65	24	14	43	49	130	1	0	0	0	0	0	0	1	0	0	0	0	0	0	0	0	0	0	0	1	0
chrM	5p	-	66	40	12	43	36	131	1	0	0	0	0	0	0	0	0	0	0	0	0	0	0	0	0	0	0	0	0
chrM	5p	-	67	31	21	46	33	131	2	0	0	0	0	0	0	0	0	0	0	0	0	0	0	0	0	0	0	0	0
chrM	5p	-	68	39	19	37	36	131	3	0	0	0	1	0	0	0	0	0	0	1	0	0	0	0	0	0	0	0	0
chrM	5p	-	69	29	13	43	45	130	0	0	0	0	0	0	0	1	0	0	0	0	0	0	0	0	1	0	0	0	0
chrM	5p	-	70	30	17	43	41	131	2	0	0	0	0	0	0	1	0	1	0	0	0	0	0	0	0	0	0	0	0
