# table produced by mapDamage version 2.0.3
# using mapped file /ebc_data/cls83/Johns/JDS3_01/J-58/bam/J-58.truncated.aln.chrM_filtered_sort_umr_dedup_readgroups.bam and /ebc_data/cls83/indexes/chrM.fasta as reference file
# Chr: reference from sam/bam header, End: from which termini of DNA sequences, Std: strand of reads
Chr	End	Std	Pos	A	C	G	T	Total	G>A	C>T	A>G	T>C	A>C	A>T	C>G	C>A	T>G	T>A	G>C	G>T	A>-	T>-	C>-	G>-	->A	->T	->C	->G	S
chrM	3p	+	1	268	146	126	178	718	18	18	21	0	0	22	13	44	22	18	1	12	0	0	0	0	0	0	0	0	0
chrM	3p	+	2	226	232	96	164	718	19	1	20	2	5	0	17	40	10	27	2	0	0	1	0	0	0	0	0	0	0
chrM	3p	+	3	218	219	86	193	716	4	3	29	2	0	6	21	18	20	18	0	0	0	1	0	0	0	0	1	1	0
chrM	3p	+	4	207	225	87	197	716	7	2	0	0	2	0	1	40	1	36	1	0	0	0	0	0	0	1	1	0	0
chrM	3p	+	5	235	216	100	166	717	3	2	3	0	1	0	9	0	4	2	0	0	0	0	0	0	0	0	0	1	0
chrM	3p	+	6	222	206	100	173	701	6	1	0	0	1	0	2	3	1	6	0	0	0	0	0	0	15	0	0	2	0
chrM	3p	+	7	218	220	104	172	714	7	0	0	0	0	1	2	1	2	1	1	0	0	0	3	0	3	0	0	1	0
chrM	3p	+	8	229	212	106	166	713	5	1	0	0	0	0	0	1	0	1	0	0	1	1	1	0	4	0	0	1	0
chrM	3p	+	9	222	214	106	175	717	6	1	0	0	0	0	1	0	0	0	0	0	0	1	1	0	1	0	0	0	0
chrM	3p	+	10	248	221	94	155	718	4	3	1	1	0	0	0	1	0	1	0	0	0	0	0	0	0	0	0	0	0
chrM	3p	+	11	211	229	117	161	718	4	2	2	0	0	0	0	0	0	1	0	0	0	0	0	0	0	0	0	0	0
chrM	3p	+	12	218	210	101	189	718	3	2	0	0	0	0	0	0	0	0	0	0	0	0	0	0	0	0	0	0	0
chrM	3p	+	13	247	202	94	175	718	0	0	0	0	0	0	0	1	0	0	0	0	0	0	0	0	0	0	0	0	0
chrM	3p	+	14	252	216	93	157	718	3	3	1	0	0	1	0	0	0	0	0	0	0	0	0	0	0	0	0	0	0
chrM	3p	+	15	211	241	91	175	718	4	5	0	0	0	0	0	0	0	0	0	0	0	0	0	0	0	0	0	0	0
chrM	3p	+	16	214	236	107	161	718	4	5	0	0	0	1	0	0	0	0	0	0	0	0	0	0	0	0	0	0	0
chrM	3p	+	17	213	227	111	167	718	5	2	1	0	0	0	0	1	0	1	0	0	0	0	0	0	0	0	0	0	0
chrM	3p	+	18	227	216	82	193	718	3	1	0	0	0	0	0	0	0	1	1	0	0	0	0	0	0	0	0	0	0
chrM	3p	+	19	214	209	121	174	718	6	1	1	0	0	0	0	0	0	0	0	0	0	0	0	1	0	0	0	0	0
chrM	3p	+	20	231	209	94	184	718	3	2	0	0	0	0	0	0	0	1	0	0	0	0	0	0	0	0	0	0	0
chrM	3p	+	21	235	204	85	194	718	4	3	0	0	0	0	0	0	0	0	0	0	0	0	0	0	0	0	0	0	0
chrM	3p	+	22	188	241	114	175	718	3	4	0	0	0	0	0	1	0	0	0	0	0	0	0	0	0	0	0	0	0
chrM	3p	+	23	207	218	126	167	718	7	2	0	0	0	0	0	0	0	0	0	0	0	0	0	0	0	0	0	0	0
chrM	3p	+	24	229	205	91	193	718	4	4	0	0	0	0	0	2	0	1	0	0	0	0	0	0	0	0	0	0	0
chrM	3p	+	25	222	205	94	197	718	1	4	0	0	0	0	0	1	0	0	0	0	0	0	0	0	0	0	0	0	0
chrM	3p	+	26	228	229	83	178	718	3	3	0	0	0	0	0	0	0	0	0	0	0	0	0	0	0	0	0	0	0
chrM	3p	+	27	210	216	113	179	718	1	2	0	0	0	0	0	0	0	0	0	0	0	0	0	0	0	0	0	0	0
chrM	3p	+	28	220	212	85	201	718	0	5	2	0	0	0	0	0	0	0	0	0	0	0	0	0	0	0	0	0	0
chrM	3p	+	29	242	215	95	166	718	4	1	1	0	0	0	0	0	0	0	0	0	0	0	0	0	0	0	0	0	0
chrM	3p	+	30	213	221	103	181	718	5	6	1	0	0	0	0	0	0	0	0	0	0	0	0	0	0	0	0	0	0
chrM	3p	+	31	220	200	101	197	718	2	6	0	0	0	0	0	2	0	0	0	0	0	0	0	0	0	0	0	0	0
chrM	3p	+	32	211	219	104	184	718	3	7	1	0	0	0	0	1	0	0	1	0	0	0	0	0	0	0	0	0	0
chrM	3p	+	33	226	215	89	188	718	0	8	0	0	0	0	1	1	0	0	0	0	0	0	0	0	0	0	0	0	0
chrM	3p	+	34	213	204	91	210	718	2	4	0	0	0	0	0	0	0	0	0	0	0	0	0	0	0	0	0	0	0
chrM	3p	+	35	223	229	99	166	717	1	4	1	0	1	0	0	0	0	1	0	0	0	0	0	0	0	0	0	0	0
chrM	3p	+	36	208	212	111	187	718	1	5	0	0	0	0	0	0	0	0	0	0	1	0	1	0	0	0	0	0	0
chrM	3p	+	37	206	220	95	197	718	1	7	0	0	0	0	0	0	0	0	0	0	0	0	1	0	0	0	0	0	0
chrM	3p	+	38	211	230	101	176	718	3	3	0	1	0	0	0	0	0	0	0	0	0	0	0	0	0	0	0	0	0
chrM	3p	+	39	214	231	103	170	718	0	3	0	0	0	0	0	0	0	1	0	0	0	0	0	0	0	0	0	0	0
chrM	3p	+	40	198	222	117	181	718	2	6	0	0	0	0	0	0	0	0	0	0	0	0	0	0	0	0	0	0	0
chrM	3p	+	41	195	248	111	164	718	3	3	0	0	0	0	0	0	0	0	0	0	0	0	0	0	0	0	0	0	0
chrM	3p	+	42	236	226	81	175	718	4	6	0	1	0	0	0	1	0	0	0	0	0	0	0	0	0	0	0	0	0
chrM	3p	+	43	230	207	98	182	717	4	4	2	0	0	0	0	1	0	0	0	0	0	0	0	0	0	0	1	0	0
chrM	3p	+	44	235	230	91	161	717	4	6	2	0	0	0	0	1	0	0	0	0	0	0	0	0	0	0	1	0	0
chrM	3p	+	45	200	232	107	179	718	3	5	0	0	0	0	0	0	0	0	0	0	1	0	0	0	0	0	0	0	0
chrM	3p	+	46	220	210	99	189	718	3	5	1	0	0	0	0	0	0	0	0	0	0	0	1	0	0	0	0	0	0
chrM	3p	+	47	230	221	97	170	718	4	4	0	0	0	0	0	0	0	0	0	0	0	0	0	0	0	0	0	0	0
chrM	3p	+	48	237	205	96	180	718	2	1	2	0	0	0	0	0	0	0	0	0	0	0	0	0	0	0	0	0	0
chrM	3p	+	49	199	219	97	203	718	0	3	0	0	0	0	0	0	0	0	0	0	0	0	0	0	0	0	0	0	0
chrM	3p	+	50	197	232	112	177	718	2	2	2	0	0	0	0	0	0	0	0	0	0	0	0	0	0	0	0	0	0
chrM	3p	+	51	213	236	109	160	718	3	4	0	0	0	0	0	1	0	0	0	0	0	0	0	0	0	0	0	0	0
chrM	3p	+	52	232	197	118	171	718	5	6	1	0	0	0	0	0	0	0	0	0	0	0	0	0	0	0	0	0	0
chrM	3p	+	53	222	228	102	166	718	0	7	2	1	0	0	0	1	0	0	0	0	0	0	0	0	0	0	0	0	0
chrM	3p	+	54	214	233	87	184	718	2	5	0	0	0	0	0	0	0	0	0	0	0	0	0	1	0	0	0	0	0
chrM	3p	+	55	230	226	92	169	717	1	1	0	0	0	0	0	0	0	0	0	0	0	0	0	0	0	0	0	0	0
chrM	3p	+	56	211	217	110	180	718	3	6	0	0	0	0	0	0	0	0	0	0	0	0	1	0	0	0	0	0	0
chrM	3p	+	57	218	207	104	189	718	1	5	1	0	0	0	0	0	0	0	0	0	0	0	0	0	0	0	0	0	0
chrM	3p	+	58	219	202	109	188	718	0	5	0	0	0	0	0	1	0	0	0	0	0	0	0	0	0	0	0	0	0
chrM	3p	+	59	209	238	97	174	718	0	8	0	0	0	0	0	0	0	0	0	0	0	0	0	0	0	0	0	0	0
chrM	3p	+	60	210	232	96	180	718	0	4	0	0	0	0	0	0	0	0	0	0	0	0	0	0	0	0	0	0	0
chrM	3p	+	61	217	214	103	183	717	0	2	0	0	0	0	0	0	0	0	0	0	0	0	0	0	0	0	0	0	0
chrM	3p	+	62	219	218	90	191	718	1	4	0	0	0	0	0	0	0	0	0	0	0	0	1	0	0	0	0	0	0
chrM	3p	+	63	198	220	109	191	718	0	5	1	0	0	0	0	0	0	0	0	0	0	0	0	0	0	0	0	0	0
chrM	3p	+	64	203	221	103	191	718	0	5	1	0	0	0	0	0	0	0	0	0	0	0	0	0	0	0	0	0	0
chrM	3p	+	65	231	238	89	160	718	0	7	0	0	0	0	0	1	0	0	0	0	0	0	0	0	0	0	0	0	0
chrM	3p	+	66	211	223	99	185	718	0	9	0	0	0	0	1	1	0	0	0	0	0	0	0	0	0	0	0	0	0
chrM	3p	+	67	219	217	105	177	718	1	4	1	0	0	0	0	0	0	0	0	0	0	0	0	0	0	0	0	0	0
chrM	3p	+	68	215	229	104	170	718	0	13	1	0	0	0	0	0	0	0	0	0	0	0	0	0	0	0	0	0	0
chrM	3p	+	69	225	225	86	182	718	0	11	0	1	0	0	0	0	0	0	0	0	0	0	0	0	0	0	0	0	0
chrM	3p	+	70	228	214	97	179	718	1	6	1	0	0	0	0	0	0	1	0	0	0	0	0	0	0	0	0	0	0
chrM	3p	-	1	213	78	270	233	794	42	15	17	1	0	10	8	29	24	40	0	23	0	0	0	0	0	0	0	0	1
chrM	3p	-	2	207	122	244	219	792	52	2	10	5	3	0	11	23	17	32	12	1	0	0	0	0	0	0	1	1	0
chrM	3p	-	3	179	110	260	242	791	18	0	23	4	2	5	11	13	20	19	3	6	0	0	1	0	1	0	1	0	0
chrM	3p	-	4	198	128	224	237	787	34	3	2	3	6	0	0	21	0	34	3	2	0	1	1	0	6	1	0	0	0
chrM	3p	-	5	199	101	249	242	791	15	4	2	0	0	1	1	3	7	3	0	3	0	0	0	0	1	0	0	2	0
chrM	3p	-	6	195	101	264	228	788	24	0	2	0	0	0	0	5	4	15	0	0	0	1	0	0	6	0	0	0	0
chrM	3p	-	7	203	128	240	218	789	10	0	1	0	0	1	0	3	0	5	0	1	0	1	2	0	1	0	0	4	0
chrM	3p	-	8	196	115	243	236	790	9	0	0	0	0	0	0	4	0	7	0	1	0	2	0	0	3	0	1	0	0
chrM	3p	-	9	179	124	218	272	793	9	2	0	0	0	0	0	0	0	1	0	0	0	1	0	0	0	0	0	1	0
chrM	3p	-	10	179	112	251	252	794	11	1	0	1	0	0	0	0	0	0	0	0	0	0	0	1	0	0	0	0	0
chrM	3p	-	11	189	107	254	243	793	4	0	0	0	0	0	0	0	0	0	0	0	0	1	0	0	0	0	0	0	0
chrM	3p	-	12	189	106	266	233	794	12	0	0	0	0	0	0	1	0	2	0	0	0	0	0	0	0	0	0	0	0
chrM	3p	-	13	206	109	262	217	794	5	1	0	0	0	0	0	0	0	0	0	0	0	0	0	0	0	0	0	0	0
chrM	3p	-	14	184	93	250	267	794	10	0	0	1	0	0	0	0	0	1	0	1	0	0	0	0	0	0	0	0	0
chrM	3p	-	15	211	111	243	229	794	8	2	0	0	0	0	0	0	0	0	0	0	0	0	0	0	0	0	0	0	0
chrM	3p	-	16	204	104	246	240	794	8	0	0	0	0	0	0	0	0	0	0	0	0	0	0	0	0	0	0	0	0
chrM	3p	-	17	224	103	251	216	794	4	3	1	0	0	0	0	0	0	1	1	0	0	0	0	0	0	0	0	0	0
chrM	3p	-	18	228	112	247	207	794	2	1	0	0	0	0	0	0	0	0	0	0	0	0	0	0	0	0	0	0	0
chrM	3p	-	19	188	98	269	239	794	11	3	0	0	0	0	0	0	0	0	0	0	0	0	0	0	0	0	0	0	0
chrM	3p	-	20	195	114	248	237	794	9	1	1	0	0	0	0	0	0	0	0	0	0	0	0	0	0	0	0	0	0
chrM	3p	-	21	187	101	252	254	794	9	1	0	0	0	0	0	1	0	0	0	0	0	0	0	0	0	0	0	0	0
chrM	3p	-	22	221	116	222	235	794	3	1	0	1	0	0	0	0	0	0	0	0	0	0	0	0	0	0	0	0	0
chrM	3p	-	23	187	111	266	230	794	7	1	0	2	0	0	0	0	0	0	0	0	0	0	0	0	0	0	0	0	0
chrM	3p	-	24	202	100	256	235	793	5	1	0	1	0	0	0	0	0	0	0	0	0	0	0	0	0	0	0	1	0
chrM	3p	-	25	192	107	264	231	794	8	0	0	2	0	0	0	0	0	0	0	0	0	0	0	0	0	0	0	0	0
chrM	3p	-	26	197	102	260	235	794	10	4	0	1	0	0	0	0	0	0	0	0	0	0	0	0	0	0	0	0	0
chrM	3p	-	27	189	97	255	253	794	9	4	0	0	0	0	0	1	0	0	0	0	0	0	0	0	0	0	0	0	0
chrM	3p	-	28	219	107	226	242	794	2	5	1	1	0	0	0	1	0	0	0	0	0	0	0	0	0	0	0	0	0
chrM	3p	-	29	209	85	261	239	794	8	2	0	0	0	0	0	0	0	0	0	0	0	0	0	1	0	0	0	0	0
chrM	3p	-	30	197	130	226	240	793	5	4	0	0	0	0	0	0	0	0	0	0	0	0	0	0	0	0	0	0	0
chrM	3p	-	31	182	113	242	257	794	7	3	0	1	0	0	0	1	0	0	0	0	0	0	0	0	0	0	0	0	0
chrM	3p	-	32	211	120	244	219	794	4	6	1	1	0	0	0	0	0	0	1	0	0	0	0	0	0	0	0	0	0
chrM	3p	-	33	194	109	250	241	794	8	1	1	0	0	0	0	0	0	0	0	0	0	0	0	0	0	0	0	0	0
chrM	3p	-	34	193	133	223	245	794	6	5	0	2	0	0	0	0	0	0	0	0	0	0	0	0	0	0	0	0	0
chrM	3p	-	35	189	110	261	234	794	9	1	0	0	0	0	0	0	0	0	0	0	0	0	0	0	0	0	0	0	0
chrM	3p	-	36	184	113	253	244	794	3	3	0	0	0	0	0	0	0	0	0	0	0	0	0	0	0	0	0	0	0
chrM	3p	-	37	203	113	251	227	794	9	2	0	1	0	0	0	0	0	0	0	1	0	0	0	0	0	0	0	0	0
chrM	3p	-	38	194	123	245	232	794	9	4	0	0	0	0	0	0	0	0	0	0	0	0	0	0	0	0	0	0	0
chrM	3p	-	39	171	121	227	275	794	5	2	0	0	0	0	0	0	0	0	0	0	0	0	0	0	0	0	0	0	0
chrM	3p	-	40	179	115	246	254	794	8	6	0	0	0	1	0	0	0	1	0	0	0	0	0	0	0	0	0	0	0
chrM	3p	-	41	208	111	239	236	794	6	5	0	1	0	0	0	0	0	0	0	0	0	0	0	0	0	0	0	0	0
chrM	3p	-	42	184	108	256	246	794	10	4	0	2	0	0	0	1	0	0	0	0	0	0	0	0	0	0	0	0	0
chrM	3p	-	43	205	104	235	250	794	6	4	0	0	0	0	0	0	0	0	0	0	0	0	0	0	0	0	0	0	0
chrM	3p	-	44	182	114	248	250	794	7	6	0	1	0	0	0	0	0	0	0	0	0	0	0	0	0	0	0	0	0
chrM	3p	-	45	189	105	235	265	794	6	2	0	0	0	0	0	0	0	0	0	0	0	0	0	0	0	0	0	0	0
chrM	3p	-	46	201	116	257	219	793	8	6	0	0	0	0	0	1	0	0	0	0	0	0	0	1	0	1	0	0	0
chrM	3p	-	47	189	109	256	238	792	8	1	0	0	0	0	0	0	0	0	0	0	0	0	0	0	1	0	0	0	0
chrM	3p	-	48	169	105	269	250	793	11	5	0	1	0	0	0	0	0	0	0	0	0	0	0	1	0	1	0	0	0
chrM	3p	-	49	203	113	240	237	793	6	4	0	0	0	0	0	0	0	0	0	0	0	0	0	0	0	0	0	0	0
chrM	3p	-	50	189	108	243	253	793	5	3	0	1	0	0	0	0	0	0	0	0	0	0	0	1	1	0	0	0	0
chrM	3p	-	51	185	103	252	254	794	0	4	0	1	0	0	0	0	0	0	0	0	0	0	0	0	0	0	0	0	0
chrM	3p	-	52	189	111	245	249	794	2	5	0	0	0	0	0	0	0	0	0	0	0	0	0	0	0	0	0	0	0
chrM	3p	-	53	181	100	260	253	794	1	3	1	1	0	0	0	0	0	0	0	0	0	0	0	0	0	0	0	0	0
chrM	3p	-	54	192	120	240	242	794	2	1	1	0	0	0	0	0	0	0	0	0	0	0	0	0	0	0	0	0	0
chrM	3p	-	55	167	110	271	246	794	2	1	0	0	0	0	0	1	0	0	0	0	0	0	0	0	0	0	0	0	0
chrM	3p	-	56	218	96	233	247	794	3	7	0	1	0	0	0	0	0	0	0	0	0	0	0	0	0	0	0	0	0
chrM	3p	-	57	181	120	266	227	794	2	2	0	0	0	0	0	0	0	0	0	0	0	0	0	0	0	0	0	0	0
chrM	3p	-	58	202	99	248	245	794	3	0	1	0	0	0	0	0	0	0	0	0	0	0	0	0	0	0	0	0	0
chrM	3p	-	59	197	110	262	225	794	1	1	2	0	0	0	0	0	0	0	0	0	0	0	0	0	0	0	0	0	0
chrM	3p	-	60	199	110	235	250	794	3	3	0	1	0	0	0	0	0	0	0	0	0	0	0	0	0	0	0	0	0
chrM	3p	-	61	204	102	228	260	794	5	2	1	0	0	0	0	0	0	0	0	0	0	0	0	0	0	0	0	0	0
chrM	3p	-	62	198	108	252	236	794	1	1	0	1	0	0	0	1	0	0	0	0	0	0	0	0	0	0	0	0	0
chrM	3p	-	63	186	96	241	271	794	4	3	0	0	0	0	0	0	0	0	0	0	0	0	0	0	0	0	0	0	0
chrM	3p	-	64	209	106	225	254	794	1	2	0	0	0	0	0	0	0	0	0	0	0	0	0	0	0	0	0	0	0
chrM	3p	-	65	202	102	259	231	794	1	6	0	0	0	0	0	0	0	0	0	0	0	0	0	0	0	0	0	0	0
chrM	3p	-	66	188	106	249	251	794	3	1	0	1	0	0	0	0	0	0	0	0	0	0	0	0	0	0	0	0	0
chrM	3p	-	67	195	113	236	250	794	1	7	0	0	0	0	0	0	0	0	0	0	0	0	0	0	0	0	0	0	0
chrM	3p	-	68	187	96	260	251	794	0	4	0	0	0	0	0	0	0	0	0	0	0	0	0	0	0	0	0	0	0
chrM	3p	-	69	195	104	235	260	794	0	6	0	0	0	0	0	0	0	0	0	0	0	0	0	0	0	0	0	0	0
chrM	3p	-	70	171	116	259	247	793	2	5	0	2	0	0	0	0	0	0	0	0	0	0	0	0	0	0	0	0	0
chrM	5p	+	1	161	271	109	177	718	0	51	1	0	0	0	0	0	0	1	0	0	0	0	0	0	0	0	0	0	0
chrM	5p	+	2	220	213	96	189	718	0	26	0	0	0	0	0	1	0	0	0	0	1	0	0	0	0	0	0	0	0
chrM	5p	+	3	190	229	101	198	718	0	20	1	0	0	0	0	0	0	0	0	0	0	0	1	0	0	0	0	0	0
chrM	5p	+	4	202	231	101	184	718	0	20	1	0	0	0	0	0	0	0	0	0	0	0	0	0	0	0	0	0	0
chrM	5p	+	5	207	237	102	172	718	0	11	1	0	0	0	0	0	0	0	0	0	0	0	0	0	0	0	0	0	0
chrM	5p	+	6	230	213	113	162	718	1	14	0	0	0	0	0	0	0	0	0	0	0	0	0	0	0	0	0	0	0
chrM	5p	+	7	222	215	97	184	718	1	2	0	0	0	0	0	0	0	1	0	0	0	0	0	0	0	0	0	0	0
chrM	5p	+	8	227	222	86	183	718	0	15	0	1	0	0	0	0	0	0	0	0	0	0	0	0	0	0	0	0	0
chrM	5p	+	9	203	232	103	180	718	1	8	1	0	0	0	0	0	0	0	0	0	0	0	0	0	0	0	0	0	0
chrM	5p	+	10	221	232	102	163	718	0	5	1	0	0	0	0	0	0	0	0	0	0	0	0	0	0	0	0	0	0
chrM	5p	+	11	215	213	100	190	718	0	4	0	0	0	0	1	2	0	0	0	0	0	0	0	0	0	0	0	0	0
chrM	5p	+	12	233	231	97	157	718	0	10	1	0	0	0	0	0	0	0	0	0	0	0	0	0	0	0	0	0	0
chrM	5p	+	13	194	216	104	204	718	0	6	1	0	0	0	0	0	0	0	0	0	0	0	0	0	0	0	0	0	0
chrM	5p	+	14	207	221	106	184	718	1	5	0	0	0	0	0	0	0	0	0	0	0	0	0	0	0	0	0	0	0
chrM	5p	+	15	215	231	83	189	718	0	3	0	0	0	0	0	0	0	0	0	0	0	0	1	0	0	0	0	0	0
chrM	5p	+	16	216	216	103	182	717	0	2	0	0	0	0	0	0	0	0	0	0	0	0	0	0	0	0	0	0	0
chrM	5p	+	17	213	233	99	173	718	0	7	0	0	0	0	0	0	0	0	0	0	0	0	0	0	0	0	0	0	0
chrM	5p	+	18	211	206	109	192	718	0	2	0	0	0	0	0	1	0	0	0	0	0	0	0	0	0	0	0	0	0
chrM	5p	+	19	223	220	99	176	718	0	7	1	0	0	0	0	0	0	0	0	0	0	0	0	0	0	0	0	0	0
chrM	5p	+	20	203	209	114	192	718	2	8	0	0	0	0	0	0	0	0	0	0	0	0	0	0	0	0	0	0	0
chrM	5p	+	21	229	226	93	170	718	2	2	0	0	0	0	0	0	0	0	0	0	0	0	1	0	0	0	0	0	0
chrM	5p	+	22	226	226	91	174	717	2	4	0	0	0	0	0	0	0	0	0	0	0	0	0	0	0	0	0	0	0
chrM	5p	+	23	224	223	99	172	718	2	3	1	0	0	0	0	0	0	0	0	0	0	0	0	0	0	0	0	0	0
chrM	5p	+	24	226	215	109	168	718	1	7	1	1	0	0	0	1	0	0	0	0	0	0	0	1	0	0	0	0	0
chrM	5p	+	25	220	227	102	169	718	4	6	1	0	0	0	0	0	0	0	0	0	0	0	0	0	0	0	0	0	0
chrM	5p	+	26	212	217	112	177	718	2	3	0	0	0	0	0	1	0	0	0	0	0	0	0	0	0	0	0	0	0
chrM	5p	+	27	194	235	115	174	718	2	5	2	0	0	0	0	0	0	0	0	0	0	0	0	0	0	0	0	0	0
chrM	5p	+	28	219	206	101	192	718	2	1	1	0	0	0	0	0	0	0	0	0	0	0	0	0	0	0	0	0	0
chrM	5p	+	29	228	211	90	189	718	2	3	1	0	0	0	0	0	0	0	0	0	0	0	0	0	0	0	0	0	0
chrM	5p	+	30	226	231	94	167	718	3	4	0	0	0	0	0	0	0	0	0	0	0	0	0	0	0	0	0	0	0
chrM	5p	+	31	221	217	92	188	718	3	5	1	0	0	0	0	0	0	0	0	0	0	0	0	0	0	0	0	0	0
chrM	5p	+	32	206	225	104	183	718	2	4	1	0	0	0	0	0	0	0	0	0	0	0	1	0	0	0	0	0	0
chrM	5p	+	33	236	215	99	167	717	5	5	1	0	0	0	0	3	0	0	0	0	1	0	0	0	0	0	1	0	0
chrM	5p	+	34	216	226	99	176	717	5	5	2	0	0	0	0	0	0	0	0	0	0	0	0	0	0	0	1	0	0
chrM	5p	+	35	219	228	83	188	718	2	7	0	1	0	0	0	0	0	0	0	0	0	0	0	0	0	0	0	0	0
chrM	5p	+	36	218	228	120	152	718	3	1	0	0	0	0	0	0	0	0	0	0	0	0	0	0	0	0	0	0	0
chrM	5p	+	37	207	218	115	178	718	2	5	0	0	0	0	0	0	0	1	0	0	0	0	0	0	0	0	0	0	0
chrM	5p	+	38	201	252	106	159	718	2	6	0	0	0	0	0	0	0	0	0	0	0	0	0	0	0	0	0	0	0
chrM	5p	+	39	202	223	102	191	718	1	1	0	1	0	0	0	0	0	1	0	0	0	0	0	0	0	0	0	0	0
chrM	5p	+	40	209	215	93	201	718	3	10	0	0	0	0	0	0	0	0	0	0	0	0	0	0	0	0	0	0	0
chrM	5p	+	41	220	211	111	176	718	0	4	0	0	0	0	0	0	0	0	0	0	0	0	0	0	0	0	0	0	0
chrM	5p	+	42	224	233	91	170	718	1	4	1	0	1	0	0	0	0	0	0	0	0	0	2	0	0	0	0	0	0
chrM	5p	+	43	210	201	90	216	717	1	4	0	0	0	0	0	0	0	0	0	0	1	0	0	0	0	0	0	0	0
chrM	5p	+	44	220	223	88	187	718	0	8	0	0	0	0	1	1	0	0	0	0	0	0	0	0	0	0	0	0	0
chrM	5p	+	45	213	199	112	194	718	3	7	1	0	0	0	0	1	0	0	1	0	0	0	0	0	0	0	0	0	0
chrM	5p	+	46	227	208	99	184	718	4	8	0	0	0	0	0	2	0	0	0	0	0	0	0	0	0	0	0	0	0
chrM	5p	+	47	219	219	103	177	718	4	2	2	0	0	0	0	0	0	0	0	0	0	0	0	0	0	0	0	0	0
chrM	5p	+	48	224	235	86	173	718	3	3	1	0	0	0	0	0	0	0	0	0	0	0	0	0	0	0	0	0	0
chrM	5p	+	49	224	204	89	201	718	0	7	1	0	0	0	0	0	0	0	0	0	0	0	0	0	0	0	0	0	0
chrM	5p	+	50	211	214	115	178	718	3	3	0	0	0	0	0	0	0	0	0	0	0	0	0	0	0	0	0	0	0
chrM	5p	+	51	226	215	92	185	718	1	4	0	0	0	0	0	0	0	0	0	0	0	0	0	0	0	0	0	0	0
chrM	5p	+	52	234	212	89	183	718	3	0	0	0	0	0	0	2	0	0	0	0	0	0	0	0	0	0	0	0	0
chrM	5p	+	53	217	209	105	187	718	5	3	0	0	0	0	0	1	0	1	0	0	0	0	0	0	0	0	0	0	0
chrM	5p	+	54	203	218	123	174	718	7	4	0	0	0	0	0	0	0	0	0	0	0	0	0	0	0	0	0	0	0
chrM	5p	+	55	208	228	102	180	718	1	2	0	0	0	0	0	1	0	0	0	0	0	0	0	0	0	0	0	0	0
chrM	5p	+	56	225	211	89	193	718	4	3	0	0	0	1	0	0	0	0	0	0	0	0	0	0	0	0	0	0	0
chrM	5p	+	57	221	215	97	185	718	5	3	0	0	0	0	0	0	0	1	0	0	0	0	0	1	0	0	0	0	0
chrM	5p	+	58	235	209	106	168	718	5	1	1	0	0	0	0	0	0	1	0	0	0	0	0	0	0	0	0	0	0
chrM	5p	+	59	198	232	94	194	718	2	1	0	0	0	0	0	1	0	0	1	0	0	0	0	0	0	0	0	0	0
chrM	5p	+	60	237	211	103	167	718	4	3	1	0	0	0	0	0	0	1	0	0	0	0	0	0	0	0	0	0	0
chrM	5p	+	61	214	238	104	162	718	6	3	0	0	0	0	0	0	0	0	0	0	0	0	0	0	0	0	0	0	0
chrM	5p	+	62	212	230	103	173	718	4	5	0	0	0	0	0	0	0	0	0	0	0	0	0	0	0	0	0	0	0
chrM	5p	+	63	247	219	85	167	718	1	1	1	0	0	1	0	0	0	0	0	0	0	0	0	0	0	0	0	0	0
chrM	5p	+	64	234	208	104	172	718	2	1	0	0	0	0	0	1	0	0	0	0	0	0	0	0	0	0	0	0	0
chrM	5p	+	65	218	223	102	175	718	4	2	0	0	0	0	0	0	0	0	0	0	0	0	0	0	0	0	0	0	0
chrM	5p	+	66	236	207	108	167	718	2	2	2	1	0	0	0	0	0	1	0	0	0	0	0	0	0	0	0	0	0
chrM	5p	+	67	231	232	91	164	718	6	3	1	0	0	0	0	1	0	1	0	0	0	0	0	0	0	0	0	0	0
chrM	5p	+	68	226	208	111	172	717	6	1	0	0	0	0	1	0	0	0	0	0	0	0	0	0	1	0	0	0	0
chrM	5p	+	69	236	212	105	161	714	3	0	0	0	0	0	0	2	0	1	0	0	0	0	1	0	3	0	0	1	0
chrM	5p	+	70	227	208	104	176	715	6	0	0	0	0	1	2	1	1	1	1	0	1	1	0	0	3	0	0	0	0
chrM	5p	-	1	134	91	280	289	794	0	13	0	1	0	1	0	0	0	2	0	0	0	0	0	0	0	0	0	0	0
chrM	5p	-	2	168	100	272	254	794	0	8	0	1	0	0	0	0	0	0	0	0	0	0	0	0	0	0	0	0	0
chrM	5p	-	3	189	92	242	271	794	0	9	2	0	0	0	0	0	1	0	0	0	0	0	1	0	0	0	0	0	0
chrM	5p	-	4	214	98	222	260	794	0	10	0	2	0	0	0	0	0	0	0	0	0	0	0	1	0	0	0	0	0
chrM	5p	-	5	194	104	262	234	794	0	5	0	1	0	0	0	0	0	0	0	0	0	0	0	0	0	0	0	0	0
chrM	5p	-	6	206	97	242	248	793	0	9	0	0	0	0	0	0	0	0	0	0	0	0	0	0	0	0	0	0	0
chrM	5p	-	7	160	124	266	244	794	2	5	0	2	0	0	0	0	0	0	0	0	0	0	0	0	0	0	0	0	0
chrM	5p	-	8	194	103	237	260	794	0	5	0	0	0	0	0	0	0	0	0	0	0	0	0	0	0	0	0	0	0
chrM	5p	-	9	198	94	244	258	794	0	4	0	0	0	0	0	0	0	0	0	0	0	0	0	0	0	0	0	0	0
chrM	5p	-	10	178	123	245	248	794	2	8	0	1	0	0	0	0	0	0	0	0	0	0	0	0	0	0	0	0	0
chrM	5p	-	11	192	104	248	250	794	3	2	0	0	0	0	0	0	0	0	0	0	0	0	0	0	0	0	0	0	0
chrM	5p	-	12	221	89	257	227	794	2	4	0	0	0	0	0	0	0	0	0	0	0	0	0	0	0	0	0	0	0
chrM	5p	-	13	188	116	225	265	794	0	3	0	0	0	0	0	1	0	0	0	0	0	0	0	0	0	0	0	0	0
chrM	5p	-	14	197	78	240	279	794	3	1	0	0	0	0	0	0	0	0	0	0	0	0	0	0	0	0	0	0	0
chrM	5p	-	15	201	108	259	226	794	2	1	1	1	0	0	0	0	0	0	0	0	0	0	0	0	0	0	0	0	0
chrM	5p	-	16	197	115	221	261	794	5	2	0	0	0	0	0	0	0	0	0	0	0	0	0	0	0	0	0	0	0
chrM	5p	-	17	188	107	247	252	794	2	4	0	1	0	0	0	0	0	0	0	0	0	0	0	0	0	0	0	0	0
chrM	5p	-	18	200	108	259	227	794	1	1	2	0	0	0	0	0	0	0	0	0	0	0	0	0	0	0	0	0	0
chrM	5p	-	19	198	121	234	241	794	3	0	1	0	0	0	0	0	0	0	0	0	0	0	0	0	0	0	0	0	0
chrM	5p	-	20	187	102	274	231	794	2	2	0	0	0	0	0	0	0	0	0	0	0	0	0	0	0	0	0	0	0
chrM	5p	-	21	220	106	239	229	794	3	7	0	1	0	0	0	0	0	0	0	0	0	0	0	0	0	0	0	0	0
chrM	5p	-	22	164	113	258	259	794	2	0	0	0	0	0	0	1	0	0	0	0	0	0	0	0	0	0	0	0	0
chrM	5p	-	23	180	108	254	252	794	2	2	2	1	0	0	0	0	0	0	0	0	0	0	0	0	0	0	0	0	0
chrM	5p	-	24	194	101	264	235	794	1	3	0	0	0	0	0	0	0	0	0	0	0	0	0	0	0	0	0	0	0
chrM	5p	-	25	188	115	240	251	794	3	4	0	0	0	0	0	0	0	0	0	0	0	0	0	0	0	0	0	0	0
chrM	5p	-	26	183	99	250	261	793	0	4	0	1	0	0	0	0	0	0	0	0	0	0	0	0	1	0	0	0	0
chrM	5p	-	27	195	107	244	248	794	4	5	0	1	0	0	0	0	0	0	0	0	0	0	0	0	0	0	0	0	0
chrM	5p	-	28	189	119	246	239	793	8	3	0	0	0	0	0	0	0	0	0	0	0	0	0	1	0	1	0	0	0
chrM	5p	-	29	173	112	259	248	792	10	4	0	1	0	0	0	0	0	0	0	0	0	0	0	0	1	0	0	0	0
chrM	5p	-	30	200	109	251	233	793	8	4	0	0	0	0	0	0	0	0	0	0	0	0	0	1	0	1	0	0	0
chrM	5p	-	31	203	121	252	217	793	10	5	0	0	0	0	0	1	0	0	0	0	0	0	0	0	0	0	0	0	0
chrM	5p	-	32	183	90	241	280	794	8	2	0	0	0	0	0	0	0	0	0	0	0	0	0	1	0	0	0	0	0
chrM	5p	-	33	189	115	254	236	794	5	5	0	2	0	0	0	0	0	0	0	0	0	0	0	0	0	0	0	0	0
chrM	5p	-	34	194	106	228	266	794	8	4	0	0	0	0	0	0	0	0	0	0	0	0	0	0	0	0	0	0	0
chrM	5p	-	35	179	114	260	241	794	8	5	0	2	0	0	0	1	0	0	0	0	0	0	0	0	0	0	0	0	0
chrM	5p	-	36	217	104	240	233	794	6	5	0	0	0	0	0	0	0	0	0	0	0	0	0	0	0	0	0	0	0
chrM	5p	-	37	168	119	239	268	794	7	4	0	0	0	1	0	0	0	1	0	0	0	0	0	0	0	0	0	0	0
chrM	5p	-	38	174	106	254	260	794	7	2	0	0	0	0	0	0	0	0	0	0	0	0	0	0	0	0	0	0	0
chrM	5p	-	39	194	129	243	228	794	8	4	0	0	0	0	0	0	0	0	0	1	0	0	0	0	0	0	0	0	0
chrM	5p	-	40	208	117	231	238	794	7	3	0	1	0	0	0	0	0	0	0	0	0	0	0	0	0	0	0	0	0
chrM	5p	-	41	185	105	265	239	794	4	2	0	0	0	0	0	0	0	0	0	0	0	0	0	0	0	0	0	0	0
chrM	5p	-	42	196	119	246	233	794	8	1	0	2	0	0	0	0	0	0	0	0	0	0	0	0	0	0	0	0	0
chrM	5p	-	43	189	144	229	232	794	6	6	0	1	0	0	0	0	0	0	0	0	0	0	0	0	0	0	0	0	0
chrM	5p	-	44	199	95	257	243	794	8	0	1	0	0	0	0	0	0	0	0	0	0	0	0	0	0	0	0	0	0
chrM	5p	-	45	203	129	231	231	794	5	8	1	0	0	0	0	1	0	0	1	0	0	0	0	0	0	0	0	0	0
chrM	5p	-	46	187	109	246	252	794	6	2	0	1	0	0	0	0	0	0	0	0	0	0	0	0	0	0	0	0	0
chrM	5p	-	47	200	118	233	243	794	6	4	0	1	0	0	0	0	0	0	0	0	0	0	0	0	0	0	0	0	0
chrM	5p	-	48	216	97	246	234	793	7	4	0	0	0	0	0	0	0	0	0	0	0	0	0	0	0	0	0	0	0
chrM	5p	-	49	211	104	237	242	794	2	3	1	0	0	0	0	1	0	0	0	0	0	0	0	1	0	0	0	0	0
chrM	5p	-	50	181	91	263	259	794	10	4	0	1	0	0	0	1	0	0	0	0	0	0	0	0	0	0	0	0	0
chrM	5p	-	51	213	107	252	222	794	10	3	0	1	0	0	0	0	0	0	0	0	0	0	0	0	0	0	0	0	0
chrM	5p	-	52	194	106	254	240	794	8	0	0	1	0	0	0	0	0	0	0	0	0	0	0	0	0	0	0	0	0
chrM	5p	-	53	194	95	273	231	793	6	1	0	1	0	0	0	0	0	0	0	0	0	0	0	0	0	0	0	1	0
chrM	5p	-	54	196	117	250	231	794	6	1	0	2	0	0	0	0	0	0	0	0	0	0	0	0	0	0	0	0	0
chrM	5p	-	55	219	115	232	228	794	5	2	0	1	0	0	0	0	0	0	0	0	0	0	0	0	0	0	0	0	0
chrM	5p	-	56	178	106	250	260	794	9	1	0	0	0	0	0	1	0	0	0	0	0	0	0	0	0	0	0	0	0
chrM	5p	-	57	202	106	244	242	794	10	2	1	0	0	0	0	0	0	0	0	0	0	0	0	0	0	0	0	0	0
chrM	5p	-	58	182	112	263	237	794	8	2	0	0	0	0	0	0	0	0	0	0	0	0	0	0	0	0	0	0	0
chrM	5p	-	59	229	101	255	209	794	3	0	0	0	0	0	0	0	0	0	0	0	0	0	0	0	0	0	0	0	0
chrM	5p	-	60	225	100	254	215	794	6	3	1	0	0	0	0	0	0	1	1	0	0	0	0	0	0	0	0	0	0
chrM	5p	-	61	202	114	242	236	794	7	1	0	0	0	0	0	0	0	0	0	0	0	0	0	0	0	0	0	0	0
chrM	5p	-	62	203	104	245	242	794	7	1	0	0	0	0	0	0	0	0	0	1	0	0	0	0	0	0	0	0	0
chrM	5p	-	63	190	97	247	260	794	9	0	0	1	0	0	0	0	0	1	0	0	0	0	0	0	0	0	0	0	0
chrM	5p	-	64	202	110	257	225	794	6	1	0	0	0	0	0	0	0	1	0	0	0	0	0	0	0	0	0	0	0
chrM	5p	-	65	185	101	279	229	794	11	0	0	0	0	0	0	0	0	1	0	0	0	0	0	0	0	0	0	0	0
chrM	5p	-	66	201	109	246	238	794	3	0	0	0	0	0	0	1	0	0	0	0	0	0	0	0	0	0	0	0	0
chrM	5p	-	67	168	110	253	262	793	12	1	0	1	0	0	0	0	0	0	0	0	0	1	0	0	0	0	0	0	0
chrM	5p	-	68	171	126	222	273	792	9	2	0	0	0	0	0	0	0	0	0	0	0	0	0	1	0	0	1	1	0
chrM	5p	-	69	217	114	229	230	790	9	0	0	0	0	0	0	4	0	8	0	1	0	1	0	0	3	0	0	1	0
chrM	5p	-	70	194	131	246	219	790	12	0	1	0	0	1	0	2	0	4	0	1	0	2	0	0	1	0	0	3	0
